15,0,0,-8.0,8.684335816096752
23,0,0,0.599566377159478,0.08476943893727418
46,0,0,0.6843358160967522,0.0
51,0,0,0.6790407856828288,0.1363147236110318
60,0,0,0.7028841339262192,0.10717634495371797
76,0,0,0.8100604788799372,0.0
89,1,0,0.799883637764279,0.024505446154174382
97,0,1,0.8142122428027951,0.0
104,0,0,0.7029231786727905,0.12160934334011742
120,0,0,0.7132434578829033,0.0
127,0,0,0.7097162718070302,0.016396933598135988
132,0,0,0.7225860193292931,0.0
148,0,0,0.6944146181285048,0.09031648233807787
155,0,1,0.7099804315674171,0.04657926769837728
158,0,0,0.7565596992657944,0.0
166,0,0,0.7295043020514969,0.027055397214297505
172,0,0,0.7225003105080771,0.0340593887577173
179,0,0,0.7153140330900911,0.041245666175703244
189,0,1,0.6933046014851363,0.06325509778065808
193,0,0,0.6605989083647728,0.14361452229495375
199,0,0,0.7082526397587049,0.0
210,0,1,0.7062674104211165,0.050873989940317554
220,0,0,0.7551561710238457,0.0
233,0,0,0.7442889482841879,0.026995608472279442
252,0,0,0.7604173340168096,0.0
262,0,0,0.7377362197514662,0.02268111426534336
268,0,1,0.7265317767858506,0.033885557230958985
269,0,0,0.7054405824823694,0.09037821843036598
278,0,0,0.7408420493782952,0.0
283,0,0,0.7332265698596051,0.040501415471883795
290,0,0,0.749574288615474,0.016538217197324734
295,0,0,0.7572752227858891,0.00883728302690967
298,0,0,0.7661125058127988,0.0
304,0,0,0.751355572293202,0.014756933519596727
308,0,0,0.7411673116056543,0.024945194207144472
310,0,0,0.7323280593928169,0.0966331527755977
319,0,0,0.7392132474356387,0.055963518312794
325,0,1,0.7496860398944601,0.04549072585397251
345,0,1,0.7788906475529075,0.016286118195525168
352,0,0,0.7901788372760532,0.004997928472379454
366,0,0,0.7913772250215213,0.0037995407269113546
370,0,1,0.7951767657484327,0.0
377,0,0,0.7684035798420712,0.029779804418299638
383,0,1,0.7714101983540094,0.0
384,0,0,0.7429198641653005,0.0786589905342211
396,0,0,0.7930885205108128,0.0
403,0,0,0.7754933232223833,0.053218595907642996
416,0,0,0.8111167218415968,0.0
423,0,0,0.7922496999735418,0.018867021868055
431,0,0,0.7730471732861856,0.038069548555411226
441,0,1,0.7665931182828817,0.0445236035587151
453,0,0,0.7504647462300851,0.0606519756115117
455,0,1,0.7368132907610673,0.0743034310805295
470,0,0,0.7294008865242912,0.08171583531730553
474,0,0,0.7251799086044575,0.0884436642205626
485,0,0,0.7276867595878808,0.0
495,0,1,0.7193881962838033,0.02927700512089393
504,0,0,0.7403666381006199,0.0
514,0,0,0.7266391560369652,0.05117972508913282
520,0,0,0.7640913990624433,0.0
523,0,0,0.7504745685472721,0.013616830515171152
540,0,0,0.7400908493806445,0.024000549681798766
551,0,0,0.715619738907256,0.048471660155187224
555,0,0,0.7133555702389555,0.050735828823487816
557,0,0,0.6813373923634684,0.22267247968907877
564,0,0,0.7381742374802177,0.08308162787335449
571,0,0,0.7647414006717465,0.05651446468182575
576,0,0,0.7735652447431937,0.04769062061037854
583,0,0,0.8212558653535722,0.0
592,0,0,0.8167811568294253,0.0044747085241468865
598,0,0,0.8111576981093052,0.010098167244267042
603,0,0,0.8047533185251298,0.016502546828442433
612,0,0,0.7807057685912795,0.04378095853412656
620,0,0,0.7839366303631133,0.0
628,0,0,0.7829294202776699,0.0010072100854434662
630,0,0,0.7292874704514231,0.05464915991169028
637,0,1,0.7019347871532877,0.1434194201797624
639,0,0,0.7023578606134543,0.060994503509770204
647,0,0,0.7065717266441065,0.05678063747911799
656,0,0,0.7380812532974012,0.02527111082582334
660,0,0,0.7633523641232245,0.0
665,0,0,0.7507092443744788,0.012643119748745657
668,0,1,0.7374217396844989,0.025930624438725625
690,0,0,0.6951047698756558,0.06824759424756865
706,0,1,0.6693400351270553,0.18227692953668106
708,0,0,0.6820867144219254,0.07551792124564183
713,0,0,0.7053418413818818,0.052262794285685366
721,0,0,0.7242948457396408,0.033309789927926436
732,0,0,0.731179886873354,0.026424748794213193
741,0,0,0.7576046356675672,0.0
743,0,0,0.7349816628715449,0.046006574230179065
750,0,0,0.7583652643057016,0.0
756,0,0,0.7501329714692505,0.008232292836451105
772,0,0,0.6883188012193461,0.07004646308635554
778,0,0,0.6768444264461981,0.08152083785950348
789,0,1,0.6745047946085875,0.08386046969711414
790,0,0,0.671246106344494,0.08711915796120762
796,0,0,0.6680063111347389,0.09035895317096276
801,0,0,0.6610947763710692,0.10830000837737952
809,0,0,0.6721242968138162,0.0
818,0,0,0.6721116138829125,1.2682930903729073e-05
824,0,0,0.665290082278459,0.014636152720238216
831,0,0,0.6730920204633399,0.0
837,0,1,0.6702973033960272,0.002794717067312713
840,0,0,0.6689118789408797,0.004180141522460268
848,0,0,0.6559870403421961,0.0394466810031362
850,0,0,0.6606301201171563,0.017698621107032242
855,0,0,0.6783287412241885,0.0
864,0,0,0.6761780856224486,0.0021506556017398815
871,0,0,0.6681275933287865,0.03983703789568149
884,0,0,0.6977634833290659,0.0
890,0,0,0.6597803974837329,0.03798308584533305
900,0,0,0.6489993090392979,0.04876417428976798
911,0,1,0.6314349037429597,0.20691340510888534
920,0,0,0.6661009462106795,0.10591878305505942
933,0,0,0.736843382990038,0.035176346275700876
941,0,0,0.7720197292657389,0.0
946,0,0,0.7561554339799014,0.0362679482953957
960,0,0,0.7608285818167241,0.015730505172735443
976,0,0,0.7765590869894595,0.0
987,0,0,0.7433903017066631,0.03316878528279643
994,0,0,0.6951389040931428,0.0814201828963167
1011,0,1,0.6671399226977963,0.18331190568385358
1020,0,0,0.707912851081175,0.03311981300881173
1033,0,0,0.7404336594632748,0.0005990046267119187
1039,0,0,0.7410326640899867,0.0
1046,0,0,0.736994801558179,0.004037862531807712
1054,0,0,0.7023677721128359,0.05758201807603647
1059,0,0,0.7120095569407567,0.009275341270964743
1083,0,0,0.7212848982117215,0.0
1090,0,0,0.7072687500428945,0.03826390374961841
1095,0,0,0.7315165056236859,0.0
1103,0,0,0.7314912339051565,0.012436333133964972
1111,0,0,0.743902295320592,0.0
1119,0,0,0.7217563807287,0.02214591459189208
1126,0,0,0.6608373078841046,0.08306498743648749
1133,0,0,0.6376636677510511,0.10623862756954094
1142,0,0,0.6096208967757502,0.1342813985448419
1154,0,0,0.5972292053249647,0.14667308999562734
1162,0,1,0.5765231929976364,0.3325439728280841
1179,0,1,0.651486357659784,0.09020170584298093
1193,0,0,0.7227602047579629,0.018927858744802073
1200,0,1,0.741688063502765,0.0
1213,0,0,0.7395964723825454,0.025098236784186545
1221,0,0,0.7626031180465125,0.0
1226,0,0,0.7565883017861794,0.006014816260333067
1237,0,0,0.6973644733428955,0.10481433073180757
1241,0,0,0.7369401593710861,0.0
1250,0,0,0.7336824158010962,0.014881712240167766
1254,0,0,0.745306384471274,0.0
1263,0,0,0.7237844763530625,0.06467894679298469
1269,0,0,0.7251170987020368,0.04182441632579903
1274,0,0,0.7349457720230366,0.03199574300479924
1281,0,0,0.7669415150278358,0.0
1294,0,0,0.7264768343705398,0.04205159144481552
1297,0,0,0.7280637451580593,0.0
1301,0,0,0.7238312999756016,0.004675870974460206
1306,0,0,0.7242747257676041,0.0
1311,0,0,0.7033484901412058,0.020926235626398282
1319,0,0,0.6714317270966826,0.05284299867092146
1325,0,1,0.6140997628867626,0.1101749628808415
1329,0,0,0.5947805420247787,0.1294941837428254
1335,0,1,0.5933174352605635,0.21232438672580334
1344,0,0,0.6253501327087482,0.04933439877057799
1355,0,1,0.6398861814202286,0.034798350059097594
1366,0,0,0.6612357698919202,0.013448761587405933
1385,0,0,0.6669501778970653,0.007734353582260822
1396,0,0,0.6746845314793262,0.0
1408,0,1,0.6535175182741054,0.04919657349508855
1418,0,0,0.6815470785639732,0.0
1430,0,1,0.67189891898716,0.009648159576813198
1441,0,0,0.6654242064117954,0.01612287215217778
1451,0,1,0.6286857722947995,0.11201403166887669
1462,0,0,0.6726197005619649,0.015218797132537598
1464,0,0,0.6878384976945024,0.0
1476,0,1,0.6782304311657811,0.11761349521236253
1484,0,0,0.7665395750942459,0.019696284755176374
1491,0,0,0.7850972463475897,0.0011386135018325305
1496,0,0,0.7862358598494222,0.0
1502,0,0,0.7292815623804927,0.05695429746892955
1516,0,0,0.6955012574674576,0.09073460238196462
1518,0,0,0.666687875531102,0.11954798431832026
1543,0,1,0.6335416375694418,0.1933416383471993
1549,0,0,0.6664116905484389,0.007777363088221856
1553,0,0,0.6741890536366607,0.0
1574,0,0,0.6629675682840313,0.011221485352629457
1575,0,0,0.6543037906396303,0.019885262997030417
1586,0,1,0.6337105299892096,0.05616948943020128
1595,0,0,0.6494014957719598,0.0
1606,0,0,0.6360818011065325,0.013319694665427373
1612,1,1,0.6032067088417987,0.13545102989531355
1616,0,1,0.6121789497408,0.08028400206615116
1632,0,0,0.6803083368744033,0.01215461493254788
1640,0,0,0.6924629518069512,0.0
1643,0,0,0.6809999994900194,0.01146295231693173
1650,0,0,0.6312126530842348,0.06125029872271637
1662,0,1,0.6232581123219969,0.09934868474803715
1673,0,1,0.6435247594490647,0.009877198136015064
1687,0,1,0.6534019575850798,0.0
1696,1,1,0.6464491268592094,0.006952830725870385
1699,0,1,0.6455262266468293,0.054135311250746665
1712,0,0,0.6917858069593256,0.0
1715,0,0,0.68555611925634,0.010916375014067059
1721,0,0,0.6902428065674214,0.0
1728,0,0,0.6718652818454515,0.018377524721969962
1734,0,0,0.6592502101109579,0.030992596456463573
1738,0,1,0.6519411694185406,0.038301637148880796
1760,0,1,0.6446815426205541,0.045561263946867325
1770,0,0,0.6205812805103805,0.0757621169608449
1772,0,0,0.6266818714141845,0.0
1779,0,1,0.5931058273865626,0.03357604402762193
1785,0,1,0.5792698542277018,0.04741201718648269
1787,0,1,0.4376366585493088,0.18904521286487574
