14,0,0,-8.0,8.543127367208744
17,0,0,0.5431273672087439,0.0
26,0,1,0.5398099306276289,0.18892806513101357
31,0,0,0.7254205591775276,0.0
39,0,0,0.6546726899842421,0.1641639564417492
43,0,0,0.68487178647755,0.06321699075515586
46,0,0,0.735597536950321,0.012491240282384797
56,0,0,0.7480887772327058,0.0
69,1,1,0.7282161358424596,0.01987264139024625
81,0,1,0.6967667693751199,0.051322007857585894
83,0,0,0.6636656254679714,0.17025277475864165
90,0,0,0.6958390665697116,0.05365618189216692
97,0,1,0.7297899014321133,0.01970534702976523
98,0,0,0.7352575336777887,0.014237714784089861
108,0,0,0.7494952484618785,0.0
114,0,0,0.7370283638812462,0.025468506235098665
134,0,1,0.7500299855357124,0.0
142,0,1,0.7455119044943289,0.004518081041383515
143,0,0,0.7423453268679705,0.007684658667741928
158,0,0,0.7197265787327544,0.08099633964173025
169,0,0,0.7470023134491475,0.02341719812237908
180,0,1,0.7704195115715265,0.0
181,0,0,0.7687298488673981,0.001689662704128403
194,0,0,0.7503900898270087,0.020029421744517828
205,0,1,0.7452481511842322,0.025171360387294395
212,0,0,0.727770497756345,0.0426490138151816
219,0,0,0.7214543118919294,0.058982133056866726
232,0,1,0.731471245269199,0.0
237,0,0,0.7227688701925697,0.03544250337553867
241,0,0,0.7348158005733936,0.014693197918085543
248,0,1,0.7367843012132588,0.012724697278220343
255,0,0,0.7488462497506823,0.0006627487407968591
267,0,0,0.7495089984914791,0.0
274,0,0,0.7243087994329858,0.025200199058493356
276,0,0,0.7210055642894336,0.06194023071583221
282,0,0,0.7544423608032204,0.0
289,0,0,0.7386733343203863,0.04858534200321141
300,0,0,0.7613995539175498,0.01009009592321386
302,0,0,0.7714896498407636,0.0
313,0,0,0.7664745678735334,0.005015081967230217
318,0,0,0.7616391304292177,0.00985051941154591
321,0,0,0.7478342054627877,0.023655444377975954
334,0,1,0.7349731426457969,0.05838149481740107
347,0,0,0.7456713892195536,0.011166741048677764
353,0,1,0.7463545643147969,0.01048356595343447
361,0,1,0.7568381302682313,0.0
375,0,1,0.7543454447959331,0.002492685472298195
376,0,0,0.7263211074628328,0.0712875034877275
389,0,0,0.7670915881451619,0.0
394,0,0,0.753197961128675,0.023665714495253343
404,0,0,0.7629700486074414,0.0
422,0,0,0.7532739149763229,0.058230895531660276
430,0,0,0.7937074743392991,0.008101202537565522
440,0,1,0.8018086768768646,0.0
442,0,0,0.7897810710070396,0.025152711667509986
453,0,0,0.7948946867126245,0.008011490092100115
457,0,0,0.8029061768047246,0.0
462,0,0,0.7743242804650907,0.028581896339633928
475,0,0,0.7701785377873719,0.03292005421952171
489,0,0,0.7703709529895408,0.0
508,0,0,0.7692682982411624,0.001102654748378451
526,0,1,0.7680775947782524,0.002293358211288399
537,0,1,0.7272435222801409,0.04312743070939995
541,0,1,0.7265895556658506,0.12347573225064823
546,0,0,0.7473534946640332,0.05893039592877536
552,0,0,0.7602799227651285,0.046003967827680126
557,0,0,0.7736232642537993,0.032660626339009236
569,0,1,0.7995693264413176,0.006714564151490965
599,0,1,0.8062838905928086,0.0
606,0,0,0.8026127623161301,0.0036711282766784814
611,0,0,0.8015731968860395,0.004710693706769131
622,0,0,0.7840839822282676,0.022199908364541
628,0,0,0.7492938124801058,0.056990078112702736
634,0,0,0.7300168566405774,0.07626703395223122
647,0,1,0.7161271404260876,0.09015675016672098
655,0,0,0.6334577256982977,0.17282616489451086
658,0,1,0.6192780531942844,0.33946176977680453
665,0,0,0.6582281822211122,0.11350580335145255
672,0,0,0.705211820965963,0.06652216460660176
678,0,0,0.7228354666017949,0.04889851897076991
685,0,0,0.7460135291020076,0.025720456470557207
689,0,0,0.7717339855725648,0.0
694,0,0,0.7142378712522572,0.057496114320307545
699,0,1,0.608133000435589,0.1868447143250781
705,0,0,0.6313767296236914,0.0
707,0,0,0.6110337621714237,0.020342967452267713
716,0,1,0.5918187412055763,0.13320570163023382
724,0,0,0.5947205516798743,0.0907459027378208
736,0,0,0.6478815674781799,0.037584886939515116
739,0,0,0.6672275318985894,0.018238922519105638
750,0,0,0.685466454417695,0.0
767,0,1,0.633688119400936,0.15411671228011847
778,0,0,0.6642185564884924,0.07180794017580294
790,0,1,0.6763030168910821,0.05972347977321324
796,0,0,0.6941286226955511,0.041897873968744226
800,0,0,0.6942772852877775,0.04174921137651777
812,0,0,0.7030815217805946,0.03294497488370074
824,0,0,0.7360264966642953,0.0
828,0,0,0.71365033959349,0.050292177474110966
834,0,0,0.7212610404665877,0.020305319530207977
843,0,0,0.7298393904659819,0.011726969530813758
847,0,0,0.7318298228276081,0.009736537169187542
853,0,0,0.7415663599967957,0.0
870,0,0,0.7159432187118632,0.025623141284932482
876,0,1,0.7153517518724714,0.03353272576637467
889,0,0,0.7226698695145217,0.0
893,0,0,0.7196353344030159,0.003034535111505865
897,0,0,0.7081506510317583,0.014519218482763385
899,0,0,0.7009454265391538,0.021724442975367908
900,0,0,0.6601493154086319,0.06252055410588986
914,0,1,0.6449163770446411,0.22566919188045842
917,0,0,0.656610564101826,0.13622151235339286
932,0,0,0.7123604915247842,0.08047158493043471
946,0,1,0.7384667309865453,0.054365345468673665
973,0,0,0.7728324720783839,0.019999604376835012
982,0,0,0.776023121014547,0.016808955440671958
992,0,0,0.7928320764552189,0.0
1012,0,0,0.7659468704309219,0.026885206024297004
1022,0,1,0.7569801862407851,0.04146007834172438
1031,0,0,0.7625883743680757,0.0
1036,0,0,0.7547593250870704,0.007829049281005251
1045,0,0,0.7301495089141311,0.03874104678939683
1049,0,0,0.7364516902495833,0.0
1050,0,0,0.7279608390263973,0.008490851223186047
1059,0,0,0.7226113198774134,0.013840370372169897
1068,0,0,0.6951874030960931,0.04126428715349029
1077,0,0,0.6900202714204788,0.07842933155674381
1093,0,0,0.7220181841481181,0.0
1107,0,1,0.6621127828898992,0.11938640958812474
1115,0,0,0.676323567161855,0.04527022405794989
1130,0,1,0.6811198657112462,0.04047392550855877
1140,0,1,0.6996150070043571,0.021978784215447855
1144,0,0,0.7088040747490537,0.012789716470751222
1149,0,0,0.7215937912198049,0.0
1163,0,0,0.6894980944352707,0.03209569678453428
1175,0,0,0.6777214136562849,0.10581924150099453
1179,0,0,0.6985026193015715,0.04116565829218788
1181,0,0,0.710141152328586,0.029527125265173426
1184,0,0,0.7396682775937594,0.0
1189,0,0,0.7334327135015937,0.006235564092165746
1193,0,0,0.704662287427533,0.03500599016622641
1198,0,0,0.678012888262591,0.06165538933116843
1202,0,0,0.6728491775141466,0.06681910007961278
1206,0,0,0.6596906796479837,0.13183907054563648
1212,0,0,0.6903150023198595,0.021237149927984866
1219,0,0,0.7115521522478444,0.0
1228,0,0,0.7052611873026878,0.006290964945156574
1230,0,0,0.6978276625216714,0.013724489726173017
1243,0,1,0.6423712520848347,0.11143324853637415
1249,0,0,0.6846236004581991,0.0
1272,0,0,0.6821644275792336,0.0024591728789655765
1290,0,1,0.6281110216986459,0.19052540302794285
1299,0,0,0.6293881251869431,0.13273572078009233
1308,0,1,0.6649632778580629,0.09716056810897256
1338,0,0,0.6831116242541208,0.07901222171291467
1342,0,0,0.6861253431818103,0.07599850278522513
1343,0,0,0.7106613471874824,0.051462498779553
1354,0,0,0.7516191603604311,0.010504685606604336
1369,0,0,0.7621238459670354,0.0
1380,0,0,0.7529443433997854,0.009179502567249975
1394,0,0,0.7339076015985373,0.028216244368498122
1398,0,0,0.7220624494188614,0.04006139654817398
1404,0,0,0.7176693038130358,0.04445454215399958
1422,0,0,0.7158085309896346,0.04631531497740082
1427,0,0,0.7097164135999404,0.052407432367095
1438,0,0,0.659281980925502,0.10284186504153336
1442,0,0,0.6435370534271388,0.11858679253989657
1447,0,0,0.6128537720196867,0.1492700739473487
1448,0,0,0.6121723627237449,0.16203062618999386
1451,0,0,0.6242515056704482,0.0
1454,0,0,0.6238015997021095,0.0004499059683387152
1456,0,0,0.620661684019225,0.03989562072037245
1461,0,0,0.6569674830883742,0.0
1464,0,0,0.6384894684437783,0.021534333067809053
1468,0,0,0.6415457868669915,0.0
1472,0,1,0.6193333097110839,0.026243349349055478
1478,0,0,0.6233641819042318,0.0
1483,0,0,0.6128510792204674,0.08772626849996712
1489,0,0,0.6172081367266888,0.07285610830998135
1513,1,1,0.6507812122312876,0.03928303280538259
1516,0,1,0.6514943894281938,0.03856985560847637
1535,0,0,0.6900642450366702,0.0
1538,0,0,0.6861514521367622,0.00391279289990798
1566,0,0,0.6585523004715259,0.036493849223786734
1593,0,0,0.6635342051301684,0.0
1598,0,0,0.6468893383779833,0.02215490206116688
1611,0,0,0.6523993736869652,0.0
1626,0,1,0.6484426110982895,0.003956762588675722
1634,0,0,0.643525896268291,0.00887347741867417
1640,0,1,0.6292280673713427,0.11132564648503795
1643,0,0,0.6855166346334213,0.03186577290733694
1648,0,0,0.6932380296252101,0.024144377915548132
1650,0,0,0.7173824075407582,0.0
1667,0,0,0.7013447674966994,0.016037640044058832
1678,1,0,0.643155187898212,0.0742272196425462
1682,0,1,0.6260325483677098,0.1814073547016103
1692,0,0,0.7160900438962717,0.0
1705,0,0,0.7062786492856096,0.00981139461066216
1714,0,0,0.7036208484434721,0.012469195452799675
1730,0,1,0.6651094046871314,0.06409187514961612
1744,0,0,0.6782206406276072,0.0
1749,0,1,0.6413390086615149,0.03688163196609229
1761,0,0,0.6411812346308462,0.03703940599676103
1769,0,1,0.5566849052151547,0.20515212730563015
1774,0,0,0.6403012971083323,0.0
