15,0,0,-8.0,8.659867219181143
43,0,0,0.5630850179990132,0.0967822011821291
45,0,0,0.6598672191811423,0.0
51,0,0,0.6521803018962138,0.151873384752518
63,0,0,0.7812411818098515,0.01512558755395177
67,1,0,0.794326775178716,0.0020399941850872683
83,0,1,0.7963667693638032,0.0
101,0,1,0.7824204490914464,0.021802291033403032
116,0,1,0.785042212835049,0.005234207017443482
126,0,0,0.7902764198524925,0.0
144,0,0,0.7723206933961815,0.06878763974608593
148,0,0,0.7827875066578873,0.040365100028069034
150,0,0,0.8231526066859564,0.0
167,0,0,0.7866059369960073,0.03654666968994902
171,0,0,0.7652293713229477,0.08323237926061355
172,0,0,0.7905385152205525,0.0
174,0,0,0.7810306450668371,0.009507870153715459
177,0,0,0.7386239696257185,0.051914545594833994
180,0,0,0.7261223351133281,0.06441618010722439
182,0,0,0.6967878888050715,0.09375062641548104
186,0,0,0.690496636064429,0.14866034802732964
191,0,0,0.7391151049356351,0.0
192,0,0,0.7327534492875709,0.006361655648064235
195,0,0,0.7100105019325905,0.029924017112405
203,0,0,0.7103948706774403,0.00043504536451055564
204,0,0,0.7108299160419509,0.0
207,0,0,0.6959986616671086,0.08578686358453724
212,0,0,0.7304587367285101,0.03649553414829332
230,0,0,0.7669542708768035,0.0
240,0,0,0.7542428183451033,0.015794831170192647
241,0,0,0.7573261969835958,0.0
252,0,0,0.7247357126173934,0.03259048436620238
269,0,0,0.6994349949184011,0.05789120206519471
271,0,0,0.6761934995849267,0.08113269739866913
281,0,1,0.6600206138482735,0.09730558313532234
289,0,0,0.6313419241422242,0.18029155990717294
295,0,1,0.6318477509050746,0.053801460302950965
310,0,1,0.6856492112080256,0.0
312,0,0,0.6799708681941872,0.06667268540903237
339,0,0,0.7039549399654191,0.037010270623962005
342,0,0,0.7166320923256547,0.024333118263726417
372,0,0,0.7309481817467661,0.010017028842615017
380,0,0,0.7409652105893811,0.0
387,0,1,0.7375341171417573,0.003431093447623823
389,0,0,0.7363770278035731,0.0045881827858080815
411,0,1,0.7349031147064339,0.025992568636014624
431,0,0,0.7548335874595012,0.0
440,0,0,0.7294606164523534,0.02537297100714786
447,0,0,0.7214723470583128,0.033361240401188486
473,0,0,0.6921022082013744,0.06273137925812688
485,0,0,0.6627377506062301,0.09209583685327116
501,0,1,0.6474636527044433,0.15587692808366505
509,0,0,0.6784189088003976,0.017551737232652798
522,0,0,0.6959706460330504,0.0
531,0,1,0.6777827026620732,0.018187943370977178
535,0,0,0.6758707834685103,0.03989772347130116
541,0,0,0.6956686443752713,0.0
546,0,0,0.6905916281665365,0.062775343927848
555,0,1,0.7015978031473242,0.0466921527383255
571,0,1,0.7482899558856497,0.0
591,0,1,0.7255476039774874,0.022742351908162317
593,0,0,0.7147186659276485,0.0480922698990337
597,0,0,0.7173713557590726,0.011868290109608437
602,0,0,0.7237342508483272,0.005505395020353854
608,0,1,0.7292396458686811,0.0
619,0,1,0.7095603053741033,0.021579183803292268
629,0,0,0.7114601486828178,0.0
635,0,1,0.7007837237223334,0.03803288732576571
636,0,0,0.7281401860876148,0.0
638,0,0,0.704643394449632,0.06628483563439569
645,0,1,0.7201800873490418,0.02725135109700305
649,0,0,0.7474314384460449,0.0
656,0,0,0.7097239947726584,0.03770744367338652
663,0,1,0.6980333675508914,0.04939807089515347
671,0,1,0.6917926174143086,0.05563882103173623
672,0,0,0.6845339355369409,0.14599695687052983
681,0,0,0.7052928942148803,0.0623404952834864
683,0,0,0.7095911638523505,0.05804222564601613
690,0,0,0.7676333894983667,0.0
694,0,0,0.7548276859897751,0.01280570350859156
696,0,0,0.7012044570947948,0.06642893240357184
700,0,0,0.6667211131482828,0.10091227635008393
708,0,0,0.6429038698474566,0.13857536602662923
713,0,1,0.6567497162231758,0.0
718,0,0,0.6294618645754967,0.1527026173655156
719,0,0,0.6349143379372977,0.1199622923560355
727,0,1,0.6382420164713928,0.1166346138219404
741,0,1,0.6820149276819494,0.0728617026113838
751,0,0,0.7040539132844051,0.05082271700892804
759,0,0,0.705937239691175,0.04893939060215824
781,0,0,0.7133261697447818,0.04155046054855138
784,0,0,0.7201663212448943,0.03471030904843886
795,0,0,0.7328758886359659,0.022000741657367318
799,0,0,0.7548766302933332,0.0
801,0,0,0.7522487442663186,0.002627886027014581
816,0,0,0.7221640920479026,0.032712538245430633
819,0,1,0.699456762339248,0.11224763330697007
827,0,0,0.7177196304884649,0.03856489720366807
836,0,0,0.7356659120079336,0.020618615684199315
844,0,0,0.7409069122870763,0.015377615405056666
864,0,0,0.756284527692133,0.0
866,0,0,0.74572445730694,0.0235414443145624
869,0,0,0.7481318172867313,0.010574013949578243
873,0,0,0.7575650091763515,0.0011408220599580243
891,0,0,0.7587058312363095,0.0
903,0,0,0.7350010686001536,0.02370476263615595
910,0,0,0.7210467959597349,0.03765903527657466
923,0,0,0.7036020186985329,0.13971234330916082
931,0,0,0.70820203863851,0.08000851083140714
937,0,1,0.709746431539403,0.07846411793051411
942,0,0,0.7453330634413539,0.04287748602856323
953,0,1,0.7617030440740389,0.026507505395878206
970,0,0,0.7882105494699171,0.0
981,0,0,0.785691636800766,0.002518912669151052
1008,0,0,0.7567416926870099,0.0345868498465991
1010,0,0,0.7598596857507017,0.0
1014,0,0,0.7354550042927077,0.025162450481164056
1015,0,0,0.7362127733158778,0.0
1032,0,1,0.689690300244004,0.09823710505558936
1044,0,1,0.7126091331877606,0.02879579903995899
1060,0,0,0.7315723143658548,0.009832617861864845
1068,0,0,0.7336371412234647,0.007767791004254954
1074,0,0,0.7414049322277196,0.0
1087,0,1,0.7352956441013655,0.00610928812635414
1104,0,0,0.7104599689709321,0.030944963256787528
1116,0,0,0.6316724594254963,0.10973247280222331
1120,0,1,0.6148711543167587,0.2431791306831298
1132,0,1,0.6932450233743741,0.038271483714553356
1133,0,0,0.7130377069115639,0.018478800177363586
1142,0,0,0.7315165070889275,0.0
1151,0,0,0.7180846508456628,0.013431856243264706
1153,0,0,0.7009066397699566,0.04044066064655172
1161,0,0,0.7107374330975375,0.0
1186,0,0,0.7043179172150632,0.006419515882474247
1204,0,1,0.6579234613335296,0.1522256979657497
1219,0,0,0.7110969043183991,0.0462382832168724
1226,0,1,0.7229591081850231,0.034376079350248445
1245,0,0,0.7386377819304196,0.01869740560485189
1246,0,0,0.7502316411707427,0.007103546364528812
1263,0,0,0.7573351875352715,0.0
1267,0,0,0.7517478209288166,0.005587366606454869
1288,0,0,0.7067393055961778,0.0505958819390937
1293,0,0,0.6979664070333572,0.0593687805019143
1313,0,0,0.6574417253335317,0.09989346220173978
1318,0,1,0.6159689347307706,0.23143743432508002
1329,0,1,0.6541726244934674,0.05186749175788241
1355,0,0,0.6765749423586308,0.029465173892718965
1381,0,0,0.7051767249014125,0.0008633913499372925
1383,0,0,0.7060401162513498,0.0
1397,0,0,0.6709206738444262,0.03511944240692355
1408,1,1,0.629835318702541,0.08249979804446006
1412,0,1,0.6361303191981922,0.0
1429,0,0,0.6311567659194108,0.030653773103731963
1443,0,0,0.6568369857443614,0.0
1447,0,1,0.6473710775182471,0.009465908226114372
1464,0,0,0.6347714538642583,0.022065531880103184
1479,0,0,0.6208288353703888,0.03897770956085689
1487,0,0,0.623798394557273,0.0
1505,0,1,0.6194732806792385,0.036749574781623995
1514,0,0,0.6518977415828279,0.0
1523,0,1,0.6384842276390904,0.013413513943737465
1528,0,1,0.6349230378257985,0.14708251421506813
1531,0,0,0.6375188533349331,0.1275119949489042
1547,0,1,0.7168710582451866,0.048159790038650674
1559,0,0,0.7247024834156036,0.04032836486823366
1577,0,0,0.7650308482838373,0.0
1584,0,0,0.7469189723332723,0.01811187595056496
1588,0,0,0.7405239537308111,0.024506894553026126
1606,0,1,0.6730939779016707,0.1365718159204754
1619,0,1,0.6994372205415242,0.018291702898455275
1620,0,0,0.7022299401900347,0.015498983249944809
1626,0,0,0.7177289234399795,0.0
1636,0,0,0.6996656260158443,0.05213217588041663
1643,0,0,0.7197636908092419,0.013970813662883774
1651,0,0,0.7337345044721256,0.0
1659,0,0,0.7309749347456335,0.0027595697264921615
1665,0,1,0.7152586588762465,0.018475845595879115
1678,0,0,0.695747046116388,0.03798745835573758
1685,1,1,0.6692183926197641,0.0645161118523615
1690,0,1,0.6687554589339665,0.1430626603109496
1700,0,0,0.7364548886314445,0.010384185075312469
1708,0,0,0.746839073706757,0.0
1714,0,0,0.7431204423247051,0.0037186313820518624
1716,0,0,0.7295191523343196,0.01731992137243732
1726,0,0,0.7087280439005957,0.03811102980616121
1734,0,1,0.6565021363967055,0.12168155989450213
1744,0,0,0.6769122200549682,0.010934538926188009
1753,0,0,0.6878467589811562,0.0
1767,0,1,0.5827052072997678,0.10514155168138839
1779,0,0,0.568841624666344,0.140660608511593
1780,0,0,0.5904970988631248,0.0
