15,0,0,-8.0,8.618648401448425
23,0,1,0.593864234654527,0.0247841667938975
30,0,0,0.6186484014484245,0.0
43,0,0,0.6117703441311332,0.022497441105348126
47,0,0,0.62738972791919,0.0
60,0,0,0.5890642689540982,0.16293981125832868
71,0,0,0.687989032327248,0.025689588920087214
74,0,0,0.7116174817085266,0.0020611395388085985
78,0,0,0.7136786212473352,0.0
87,1,0,0.6407554136794149,0.12412924625342692
91,0,1,0.6463892995015434,0.045572152863378124
112,0,1,0.6919614523649216,0.0
116,0,1,0.6877340029586445,0.11401835592839094
129,0,1,0.7572362940630009,0.04028861541775752
135,0,0,0.7727658382121553,0.024759071268603106
152,0,1,0.7975249094807584,0.0
166,0,1,0.768845985075096,0.02867892440566233
173,0,0,0.7435222025324658,0.05400270694829257
182,0,1,0.7227761826987537,0.07474872678200473
190,0,0,0.6949975978915054,0.1097372298867223
196,0,0,0.7022075161889747,0.0
202,0,0,0.6877613422198173,0.05003080168326002
206,0,0,0.7219226209689742,0.001423348964945781
210,0,0,0.72334596993392,0.0
217,0,0,0.7081132930158918,0.01523267691802821
222,0,0,0.6687600525649818,0.11941681096924739
232,0,0,0.6700197106364083,0.06357123552888277
239,0,0,0.6990143693545285,0.03457657681076254
246,0,0,0.705599548063468,0.02799139810182305
257,0,0,0.7192577938134758,0.014333152351815315
262,0,0,0.7335909461652911,0.0
276,0,0,0.6603015870707376,0.07328935909455347
277,0,0,0.6475079526446458,0.0860829935206453
279,0,0,0.6288619529278505,0.10472899323744056
301,0,1,0.5812177241638007,0.2027361154030648
302,0,0,0.608837325408541,0.022743292156834127
308,0,0,0.6315806175653751,0.0
309,0,0,0.6291882056614448,0.16963729740612066
321,0,0,0.6960206612659867,0.10041242989764854
327,0,0,0.766023497689854,0.03040959347378125
330,0,0,0.7964330911636353,0.0
340,0,1,0.7428301740327531,0.053602917130882166
351,0,0,0.7353879812885733,0.07400697464729888
356,0,0,0.7483498460608102,0.0
364,0,0,0.7225081708959558,0.025841675164854472
372,0,0,0.7157213442069662,0.0449903647522133
380,0,0,0.7280832071053355,0.0
392,0,1,0.721935625635298,0.08225313482665952
395,0,0,0.7980411789919201,0.0
403,0,0,0.7468838796019555,0.051157299389964606
409,0,0,0.7252074008764222,0.09848865657057249
415,0,0,0.7508622793314969,0.0
423,0,0,0.7287105115432313,0.022151767788265553
427,0,0,0.7034137924160577,0.08334791322873314
436,0,0,0.7393132187293517,0.0
449,0,1,0.7086640930365002,0.030649125692851498
455,0,1,0.6998095569023833,0.08242697741195115
473,0,1,0.7318160436060055,0.010916828881360585
476,0,0,0.7337518180179041,0.008981054469461958
506,0,1,0.7427328724873661,0.0
530,0,1,0.692286758385237,0.05044611410212907
551,0,1,0.6501196238462262,0.15573258621644004
562,0,0,0.6808537303165356,0.03238523110499081
574,0,0,0.7132389614215264,0.0
585,0,0,0.712423676266523,0.0008152851550033979
606,0,0,0.699173014590649,0.10785552746060867
633,0,0,0.7539982892955538,0.03896430592482636
646,0,1,0.7693032574812043,0.023659337739175834
655,0,0,0.7929625952203802,0.0
661,0,0,0.7862663051514763,0.006696290068903821
667,0,1,0.7566137357923379,0.036348859428042224
675,0,0,0.7290395823748488,0.06392301284553137
687,0,0,0.7095640113590457,0.08349271675725478
697,0,0,0.709658144254966,0.0
705,0,0,0.7006009916464487,0.04058988264781993
722,0,1,0.7036716630134512,0.028462058672300228
737,0,0,0.7321337216857514,0.0
756,0,1,0.6955659305090671,0.036567791176684294
769,0,1,0.6541827729166444,0.07795094876910702
777,0,0,0.6439674915710172,0.08816623011473423
783,0,1,0.6200829934091604,0.11205072827659102
797,0,0,0.6172909918689329,0.1943983690898632
808,0,1,0.6302715773278095,0.06657505381416806
817,0,0,0.6680168246181266,0.02882980652385092
821,0,0,0.6901398379847689,0.006706793157208679
826,0,0,0.6968466311419775,0.0
837,0,0,0.6888431579003602,0.04608359236033066
841,0,0,0.7025449083739029,0.024378368645170623
851,0,0,0.7269232770190736,0.0
854,0,0,0.7038976469783919,0.0444258151255561
864,0,0,0.7238397756527211,0.0014580564105451943
874,0,0,0.7252978320632663,0.0
885,0,0,0.7160569957169619,0.009240836346304349
896,0,0,0.6880768627896636,0.03722096927360263
917,0,1,0.6511308548772211,0.1391161361608223
934,0,0,0.6578330687987499,0.058246945053248345
942,0,0,0.6726634039745464,0.043416609877451884
950,0,0,0.6734404536612305,0.042639560190767756
951,0,0,0.6809051697863672,0.035174844065631095
955,0,0,0.6909885706873279,0.02509144316467038
969,0,0,0.7160800138519983,0.0
980,0,0,0.6793254814585861,0.04235015048785862
983,0,1,0.6795671130048817,0.00535398654815078
987,0,0,0.6849210995530325,0.0
994,0,0,0.6645631863081709,0.02035791324486158
1005,0,0,0.6438383842199042,0.04108271533312824
1020,0,1,0.6120736841428078,0.07284741541022466
1024,0,0,0.597532455613013,0.08738864394001944
1036,0,1,0.5806197886531418,0.22766386383101744
1039,0,0,0.5920024320379004,0.11197990954636816
1042,0,0,0.6433281641581963,0.060654177426072264
1057,0,0,0.6855420680030396,0.018440273581228905
1058,0,0,0.6960889516338226,0.007893389950445973
1059,0,0,0.7039823415842685,0.0
1062,0,0,0.627026926230833,0.07695541535343553
1064,0,0,0.6229892682634006,0.12535302804765003
1071,0,0,0.6446107441034072,0.022738478886775493
1082,0,0,0.6608817458811386,0.006467477109044162
1095,0,0,0.6673492229901827,0.0
1110,0,0,0.652105428794823,0.03232988180417773
1117,0,0,0.669191516403641,0.0
1125,0,1,0.6638722631586603,0.07113245413906422
1133,0,0,0.6842152075564608,0.045470256496283
1142,0,1,0.7033242104506051,0.0263612536021387
1149,0,0,0.7147693484294705,0.01491611562327333
1153,0,0,0.7261375304814931,0.0035479335712507165
1160,0,0,0.7296854640527438,0.0
1178,0,0,0.6965402657702818,0.03723940185848251
1179,0,0,0.7006344693463024,0.0
1182,0,0,0.6866922303091122,0.040796850538809326
1191,0,0,0.7135468418107314,0.0
1196,0,0,0.7132569248477618,0.0002899169629695386
1202,0,0,0.6714017826672558,0.04214505914347555
1203,0,0,0.629735014285923,0.08381182752480831
1205,0,0,0.6270239729336585,0.08652286887707283
1209,0,0,0.6190697352808735,0.11457003078569283
1221,0,0,0.6391626595367085,0.0
1230,0,1,0.6117242697626353,0.14221064370679792
1255,0,0,0.6493549187850339,0.07714160491032607
1275,0,0,0.72649652369536,0.0
1285,0,0,0.6920415280088558,0.03445499568650423
1292,0,0,0.6848587796709241,0.06546726786276613
1299,0,0,0.7086883035092544,0.0
1322,0,0,0.662208062899777,0.04648024060947742
1327,1,1,0.6451003931207449,0.06358791038850953
1329,0,0,0.6339272582294917,0.11756838112993984
1339,0,0,0.6767345940796688,0.0
1346,0,0,0.6659968671975313,0.010737726882137588
1353,0,0,0.6649551187557253,0.011779475323943522
1364,0,0,0.6515158130043357,0.054964406008493616
1382,0,0,0.6724322816136935,0.008829156323802656
1396,0,0,0.6812614379374962,0.0
1409,0,0,0.6801943873888567,0.0010670505486394255
1430,0,1,0.6714601832138133,0.05533768842220754
1451,0,1,0.7079006798349144,0.00909593707742351
1468,0,1,0.716996616912338,0.0
1474,0,0,0.7027437579977796,0.014252858914558408
1483,0,0,0.701305682916899,0.01569093399543897
1497,0,1,0.6710331910534909,0.14909613565932012
1503,0,0,0.7266480267974379,0.04751787405652608
1512,0,1,0.7466093584769914,0.02755654237697258
1522,0,0,0.774165900853964,0.0
1540,0,0,0.7498630681626443,0.02430283269131972
1550,0,0,0.7459273774300694,0.030757286471357004
1563,0,0,0.7484461404775319,0.0
1578,0,0,0.7365844559820393,0.01186168449549263
1585,0,1,0.7266589796837465,0.07446768833221451
1596,0,1,0.765751663236057,0.013587843986118564
1625,0,0,0.7793395072221756,0.0
1634,0,0,0.7745416295218778,0.004797877700297826
1642,0,0,0.7738227449978391,0.005516762224336502
1654,0,0,0.7595560984696196,0.01978340875255602
1664,0,1,0.717555298319076,0.07433200804376083
1683,0,0,0.7301030974597373,0.0
1696,1,1,0.6842560580344783,0.04584703942525903
1699,0,1,0.6781521024039159,0.070207120322332
1718,0,0,0.6964082276704264,0.0
1724,0,0,0.6808445702346277,0.015563657435798683
1731,0,1,0.6456461548805237,0.08233510761284357
1747,0,0,0.6772191897034645,0.0
1756,0,0,0.6631786184212596,0.014040571282204928
1760,0,0,0.6599313387675072,0.017287850935957305
1769,0,1,0.5720668019335947,0.16715460241208835
1772,0,0,0.6340690165758133,0.0
1781,0,0,0.5722053017128598,0.0618637148629535
