22,0,0,-8.0,8.711108527685466
44,0,0,0.6151603546834761,0.09594817300199054
58,0,0,0.6917473287494095,0.019361198936057145
59,0,0,0.7111085276854666,0.0
76,0,0,0.627467426203065,0.1560442874529805
84,0,0,0.6997100491428849,0.00016056303075884237
92,1,0,0.6998706121736438,0.0
96,0,1,0.6793790342608047,0.020491577912839065
97,0,0,0.6671079503880306,0.032762661785613156
102,0,0,0.6666322031082251,0.03323840906541864
109,0,0,0.6530672672374472,0.18426993295816774
117,0,0,0.7009841594464925,0.08954969581292593
127,0,1,0.7403711027059799,0.050162752553438494
132,0,0,0.743436299640723,0.04709755561869544
142,0,0,0.7799117309917317,0.010622124267686717
152,0,0,0.7905338552594184,0.0
167,0,1,0.7595760127902031,0.03095784246921529
184,0,1,0.7275422279536724,0.10263421761752356
192,0,0,0.7461752396387359,0.021009578626714043
197,0,0,0.7671848182654499,0.0
201,0,0,0.7476606035613578,0.019524214704092158
208,0,0,0.7202856298304198,0.059232512219636435
213,0,1,0.732618953615026,0.0
221,0,0,0.6924027330150792,0.040735345919754584
227,0,1,0.6929218583348868,0.0
238,0,1,0.6456259688193148,0.15146052635728868
252,0,0,0.7111883091429869,0.03860229651804448
269,0,0,0.7497906056610314,0.0
274,0,1,0.740750945102973,0.009039660558058382
280,0,0,0.7161843845809716,0.0750773522852285
289,0,0,0.7576555157861402,0.0
298,0,0,0.7359928003924803,0.03926330337629369
308,0,0,0.753593388375114,0.0
319,0,0,0.7468589368883196,0.024633329404384563
341,0,0,0.7647578148059098,0.0
365,0,1,0.7413248137231996,0.02343300108271018
381,0,0,0.710606008941351,0.12346883987532187
387,0,1,0.7148620231585069,0.06506101979360712
394,0,0,0.7616603068660858,0.01826273608602824
408,0,0,0.779923042952114,0.0
413,0,0,0.7731168415996578,0.006806201352456243
418,0,0,0.7642660888758572,0.03308100602510888
434,0,0,0.7816901408247093,0.0
437,0,0,0.7811597817598429,0.0005303590648664258
452,0,1,0.7646042734946845,0.06282172190360658
459,0,0,0.8103401280682663,0.0
465,0,0,0.7920665408484637,0.018273587219802545
484,0,0,0.7617518405119578,0.04858828755630851
498,0,0,0.7414658394993329,0.07875695253285575
502,0,1,0.7513485034632552,0.0
510,0,0,0.6907835589415992,0.17374591806718986
536,0,0,0.7782620321579126,0.02570250032922039
552,0,0,0.7951346273236071,0.008829905163525886
564,0,0,0.8002827392807057,0.003681793206427253
565,0,0,0.803964532487133,0.0
589,0,0,0.7974620463644586,0.006502486122674345
619,0,0,0.7465857686568992,0.05737876383023377
625,0,1,0.7256993472576141,0.12563339503364956
633,0,0,0.7594658050815389,0.013601751980205856
647,0,1,0.7730675570617448,0.0
665,0,0,0.7557044779564407,0.017363079105304102
680,0,0,0.7006169825344157,0.08577041792543938
683,0,0,0.7125919854580448,0.0013448404744812459
686,0,0,0.713936825932526,0.0
694,0,0,0.6775860384488717,0.03635078748365439
700,0,0,0.6515415159405255,0.14913671778835502
706,0,0,0.6910526104980991,0.0472303132387808
716,0,0,0.7031368630228882,0.03514606071399162
720,0,0,0.7325756114693315,0.005707312267548392
727,0,0,0.7382829237368799,0.0
732,0,0,0.7329714329367182,0.005311490800161689
737,0,0,0.7250620998987337,0.013220823838146156
747,0,0,0.7104481170332528,0.027834806703627035
770,0,0,0.7039585352711412,0.03432438846573871
782,0,0,0.6813199650889208,0.09599729613874464
797,0,0,0.7048304128546675,0.01552388972503882
803,0,0,0.7203543025797063,0.0
807,0,0,0.707990289394266,0.012364013185440337
812,0,0,0.7049463568949232,0.015407945684783098
817,0,0,0.6928273431062698,0.02752695947343653
822,0,0,0.6821459377846442,0.042349157835254725
827,0,0,0.6856210523061623,0.0006656785186743841
842,0,0,0.6862867308248367,0.0
846,0,0,0.6795378021676751,0.00674892865716159
852,0,1,0.6621968900073658,0.07030080928987315
872,0,0,0.7084078584797681,0.0
880,0,1,0.6856127430410947,0.0828285980100274
889,0,0,0.7456462256124486,0.0
897,0,1,0.7436572251786495,0.0278264423632143
920,0,0,0.7591414661705493,0.01035320093751535
925,0,0,0.7694946671080647,0.0
943,0,0,0.7451879423450339,0.02430672476303075
955,0,0,0.7262796238237633,0.04321504328430137
978,0,1,0.6732908536764708,0.11882650404545869
1001,0,0,0.6959135442903356,0.0
1018,0,1,0.6499674205180894,0.05914473815205912
1030,0,1,0.6631660348979024,0.0
1059,0,0,0.6398529347668334,0.02331310013106902
1062,0,0,0.6397481126128336,0.023417922285068782
1074,0,1,0.60703371893503,0.19600750625105345
1078,0,0,0.6243966422458687,0.12251226697734241
1082,0,0,0.6707411107831988,0.07616779844001231
1086,0,0,0.6707704894768718,0.07613841974633928
1090,0,1,0.6998200789900894,0.047088830233121715
1098,0,0,0.7020831447297876,0.04482576449342346
1115,0,1,0.7469089092232111,0.0
1120,0,0,0.7261451854137704,0.020763723809440693
1149,0,0,0.6881495993288737,0.09910854444032513
1150,0,0,0.6926490089026365,0.035849824972224886
1163,0,0,0.7176766783741445,0.010822155500716857
1166,0,0,0.7258550168617683,0.0026438170130930194
1167,0,0,0.7284988338748614,0.0
1173,0,0,0.7073693839012164,0.021129449973644965
1176,0,0,0.702760435470188,0.0257383984046734
1189,0,0,0.679921615297777,0.04857721857708441
1194,0,0,0.6342047556842628,0.09429407819059854
1201,0,0,0.5611937030179966,0.17204224511510746
1204,0,0,0.5659308172762394,0.0
1206,0,0,0.5646814893844516,0.001249327891787777
1208,1,1,0.5534150605089962,0.012515756767243147
1211,0,1,0.5360095105514452,0.13249984518050728
1232,0,0,0.6024480260299802,0.03614002297717811
1244,0,0,0.6385880490071583,0.0
1253,0,0,0.6323622169254495,0.02776218792430396
1271,0,0,0.6460576085401071,0.007840964227937564
1291,0,0,0.6538985727680446,0.0
1305,0,0,0.6485561317121479,0.03159195604372389
1311,0,0,0.674805646699975,0.0
1325,0,0,0.647668667070095,0.050318673457010465
1331,0,0,0.6708503608972254,0.0
1353,0,0,0.6505610920045599,0.033859565508199574
1357,0,0,0.6537396837683285,0.010391704851765549
1363,0,0,0.664131388620094,0.0
1376,0,1,0.6484796872395955,0.13398465957545713
1388,0,1,0.7270769755224565,0.03973566991209754
1407,0,0,0.7526313871231134,0.014181258311440681
1424,0,0,0.7668126454345541,0.0
1431,0,0,0.7592721946924834,0.023534412260124093
1442,0,0,0.7617257694403331,0.01354038677020375
1451,0,0,0.7635461396136242,0.011720016596912686
1463,0,0,0.7752661562105368,0.0
1472,0,0,0.7554744564824634,0.019791699728073486
1482,0,1,0.7109548674596773,0.1629951038050491
1495,0,0,0.7768547895011642,0.03278389301270268
1497,0,0,0.78049646285565,0.02914221965821684
1515,0,0,0.8038671544712522,0.005771528042614604
1524,0,0,0.8096386825138668,0.0
1528,0,0,0.8030067998685955,0.00663188264527137
1537,0,0,0.7952941267961456,0.014344555717721197
1546,0,0,0.7321461285605575,0.07749255395330934
1553,0,0,0.7143441378190508,0.09529454469481602
1561,0,0,0.6709024165868759,0.13873626592699095
1570,1,1,0.656965311344077,0.22587614695053737
1574,0,1,0.6697283544281657,0.06043973269665881
1585,0,0,0.7301680871248245,0.0
1603,0,0,0.7065824993164185,0.023585587808406028
1611,0,1,0.6660070641344762,0.07887878300552575
1618,0,0,0.6807248241496536,0.0
1626,0,0,0.6706819327626649,0.010042891386988773
1635,0,0,0.6640956475778862,0.016629176571767434
1641,0,1,0.6448147510929918,0.10006374410859487
1651,0,0,0.7089684221449248,0.0
1657,0,0,0.6853433378924758,0.023625084252449025
1672,0,1,0.6280594736337661,0.13387837604826092
1679,0,0,0.6527057524665771,0.0283231487042912
1685,0,0,0.6810289011708683,0.0
1691,0,0,0.6778622696469555,0.003166631523912833
1695,0,1,0.6706173812654475,0.0468982279570348
1707,0,0,0.7071040893170614,0.0
1712,0,1,0.6958918588029014,0.011212230514159982
1728,0,1,0.6713815872721812,0.035722502044880144
1742,0,1,0.6649515260600676,0.04215256325699379
1752,0,1,0.6292445127722583,0.09267065593481316
1764,0,0,0.6440555921622685,0.0
1778,0,1,0.5793924429336516,0.06466314922861693
1789,0,1,0.5521245896816254,0.35549635404632207
1791,0,0,0.8156899412473043,0.0
