227 227
15 0
24 0
36 0
40 0
49 0
53 0
57 0
62 0
71 0
80 0
86 0
90 1
103 0
109 0
129 0
137 0
145 0
150 0
165 0
172 0
182 0
197 0
201 0
209 0
232 0
240 0
250 0
254 0
259 0
262 0
267 0
270 0
273 0
278 0
295 0
311 1
318 0
328 0
332 0
342 0
344 0
350 0
353 0
364 0
381 0
385 0
408 0
422 0
428 0
432 1
440 0
448 0
466 0
478 0
493 0
495 0
497 0
502 0
511 0
514 0
522 0
532 0
534 0
539 0
540 0
543 0
544 0
548 0
551 0
557 0
564 0
574 0
579 0
595 0
601 0
603 0
604 0
606 0
613 0
622 0
624 0
626 0
627 0
633 0
635 0
660 1
681 0
684 0
711 0
721 0
745 0
763 0
774 0
798 0
812 0
824 0
845 0
850 0
856 0
865 0
871 0
881 1
901 0
907 0
913 0
918 0
933 0
944 0
949 0
964 0
968 0
980 0
985 0
993 0
1008 0
1013 0
1019 1
1027 0
1038 0
1048 0
1051 0
1053 0
1056 0
1063 0
1068 0
1071 0
1075 0
1081 0
1084 0
1095 0
1099 0
1102 0
1105 0
1109 0
1112 0
1114 0
1116 0
1119 0
1123 0
1130 0
1137 0
1141 0
1145 0
1148 0
1151 0
1153 0
1159 0
1162 0
1166 0
1170 0
1175 0
1177 0
1181 0
1188 0
1197 0
1200 0
1203 0
1206 0
1208 0
1210 0
1213 0
1217 0
1229 0
1232 0
1236 0
1240 0
1245 0
1248 0
1251 0
1259 0
1272 0
1282 1
1300 0
1309 0
1320 0
1323 0
1324 0
1327 0
1329 0
1333 0
1334 0
1337 0
1339 0
1342 1
1354 0
1360 0
1384 0
1385 0
1388 0
1392 0
1408 0
1412 1
1421 0
1428 0
1445 0
1469 0
1487 0
1495 0
1504 0
1521 0
1534 0
1543 0
1546 1
1575 0
1596 0
1609 0
1622 0
1625 0
1637 0
1641 0
1658 0
1661 1
1687 0
1693 0
1703 0
1706 0
1710 0
1716 0
1725 0
1731 0
1738 0
1754 0
1767 0
1770 0
1778 0
1784 0
1787 0
