247 247
15 0
26 0
34 0
46 0
51 0
59 0
63 0
73 0
80 0
88 0
99 1
113 0
124 0
138 0
142 0
149 0
152 0
157 0
161 0
163 0
167 0
180 0
182 0
184 0
195 0
196 0
209 0
221 0
234 0
237 0
245 0
253 0
255 0
257 0
259 0
261 0
262 0
264 0
266 0
270 0
271 0
279 0
288 0
291 0
294 0
296 0
301 0
312 0
314 0
316 0
320 0
324 0
331 0
343 0
349 0
356 0
361 0
367 0
382 0
385 0
401 0
406 0
418 0
419 0
422 0
425 0
429 0
432 0
437 0
439 0
445 0
447 0
452 0
455 0
459 0
468 0
470 0
472 0
477 0
483 0
484 0
490 0
493 0
514 0
521 0
554 0
582 0
594 0
597 0
603 0
609 0
610 0
615 0
618 0
641 0
647 0
650 0
655 0
666 0
668 0
672 0
682 0
689 0
694 0
696 0
702 0
707 0
712 0
717 0
725 0
730 0
734 0
744 0
748 0
752 0
755 0
757 0
760 1
775 0
780 0
799 0
802 0
806 0
810 0
813 0
816 0
820 0
822 0
825 0
831 0
832 0
841 0
843 0
859 0
861 0
863 0
865 0
866 0
868 0
869 0
874 0
878 0
881 0
885 0
887 0
892 0
893 0
898 0
903 0
905 0
906 0
910 0
912 0
914 0
922 0
930 0
932 0
941 0
942 0
947 0
951 0
955 0
957 0
958 0
959 0
963 0
966 0
981 0
985 0
989 0
995 1
1002 0
1012 0
1024 0
1035 0
1037 0
1044 1
1062 0
1078 0
1089 0
1090 0
1098 0
1110 0
1111 0
1117 0
1128 0
1148 0
1157 1
1176 0
1192 0
1197 0
1198 0
1207 0
1214 0
1220 0
1227 0
1257 0
1261 0
1284 0
1290 1
1306 0
1309 0
1318 0
1325 0
1333 0
1363 0
1368 0
1393 0
1417 0
1431 0
1433 1
1444 0
1449 0
1462 0
1470 0
1475 0
1491 0
1492 0
1509 0
1520 0
1536 1
1551 0
1564 0
1575 0
1583 0
1596 0
1603 1
1609 0
1616 0
1625 0
1637 0
1647 0
1662 0
1668 0
1677 0
1681 0
1701 0
1704 1
1717 0
1731 0
1738 0
1755 0
1763 0
1768 0
1777 0
1781 0
1785 0
