250 250
15 0
40 0
45 0
56 0
58 0
75 0
79 0
88 0
93 1
108 0
115 0
125 0
134 0
145 0
149 0
150 0
154 0
178 0
182 0
191 0
193 0
200 0
205 0
208 0
211 0
217 0
222 0
225 0
230 0
231 0
235 0
240 0
245 0
252 0
259 0
263 0
270 0
275 0
276 0
286 0
293 0
295 0
299 0
300 0
302 0
314 0
315 0
318 0
322 0
325 0
329 0
334 0
336 0
340 0
344 0
348 0
356 0
361 0
364 0
372 0
373 0
386 0
392 0
395 0
400 0
406 0
414 0
427 0
438 0
439 0
441 0
448 0
452 0
460 0
467 0
476 0
477 0
480 0
488 0
494 0
498 0
503 0
513 0
515 0
519 0
525 0
534 0
544 0
553 0
555 0
566 0
569 0
573 0
577 0
579 0
583 0
589 0
595 0
597 0
606 0
613 0
619 0
620 0
629 0
646 0
655 0
658 0
665 0
667 0
670 0
675 0
677 0
680 0
687 0
691 0
699 0
705 0
715 0
734 0
737 0
745 0
749 0
755 0
764 0
769 0
780 0
785 0
796 0
807 0
813 0
821 1
830 0
835 0
847 0
852 0
876 0
881 0
901 1
903 0
918 0
928 0
935 0
936 0
947 0
965 0
966 0
975 0
981 0
990 0
1010 0
1011 0
1016 0
1020 0
1024 0
1027 0
1030 0
1034 0
1038 0
1045 0
1055 0
1065 0
1069 0
1071 0
1074 0
1077 0
1078 0
1082 0
1087 0
1098 0
1105 0
1111 0
1115 0
1116 0
1118 0
1120 0
1132 0
1136 1
1150 0
1163 0
1168 0
1175 0
1182 0
1188 0
1194 1
1211 0
1220 0
1229 0
1231 0
1248 0
1257 0
1263 0
1269 0
1282 0
1286 0
1290 0
1295 0
1298 0
1304 0
1310 0
1333 0
1339 0
1343 0
1352 1
1355 0
1372 0
1386 0
1402 0
1405 0
1423 0
1427 0
1434 0
1437 0
1442 0
1450 0
1459 0
1478 1
1492 0
1513 0
1528 0
1536 0
1546 0
1552 0
1559 1
1572 0
1576 0
1585 0
1590 0
1597 0
1602 0
1604 0
1609 0
1624 0
1632 0
1645 0
1648 0
1658 0
1661 1
1667 0
1675 0
1687 0
1700 0
1712 0
1723 0
1734 0
1745 0
1749 0
1754 0
1760 0
1768 0
1781 0
