186 186
15 0
43 0
45 0
51 0
63 0
67 0
83 1
101 0
116 0
126 0
144 0
148 0
150 0
167 0
171 0
172 0
174 0
177 0
180 0
182 0
186 0
191 0
192 0
195 0
203 0
204 0
207 0
212 0
230 0
240 0
241 0
252 0
269 0
271 0
281 1
289 0
295 0
310 0
312 0
339 0
342 0
372 0
380 0
387 0
389 0
411 0
431 0
440 0
447 0
473 0
485 0
501 1
509 0
522 0
531 0
535 0
541 0
546 0
555 0
571 0
591 0
593 0
597 0
602 0
608 0
619 0
629 0
635 0
636 0
638 0
645 0
649 0
656 0
663 0
671 0
672 0
681 0
683 0
690 0
694 0
696 0
700 0
708 0
713 0
718 0
719 0
727 1
741 0
751 0
759 0
781 0
784 0
795 0
801 0
816 0
819 0
827 0
836 0
844 0
864 0
866 0
869 0
873 0
891 0
903 0
910 0
923 0
931 0
937 1
942 0
953 0
970 0
981 0
1008 0
1010 0
1014 0
1015 0
1032 1
1044 0
1060 0
1068 0
1074 0
1087 0
1104 0
1116 0
1120 1
1132 0
1133 0
1142 0
1151 0
1153 0
1161 0
1186 0
1204 1
1219 0
1226 0
1245 0
1246 0
1267 0
1288 0
1293 0
1318 1
1329 0
1355 0
1381 0
1383 0
1397 0
1408 0
1412 1
1429 0
1443 0
1447 0
1464 0
1479 0
1487 0
1505 0
1514 0
1528 1
1531 0
1547 0
1559 0
1577 0
1584 0
1588 0
1606 1
1620 0
1626 0
1636 0
1643 0
1651 0
1659 0
1665 0
1678 0
1685 1
1690 0
1700 0
1708 0
1714 0
1716 0
1726 0
1734 0
1744 0
1753 0
1767 0
1779 0
1780 0
