243 243
15 0
31 0
41 0
45 0
66 0
73 0
80 0
95 1
102 0
109 0
116 0
121 0
133 0
147 0
152 0
156 0
159 0
163 0
165 0
170 0
175 0
177 0
194 0
223 0
227 0
234 0
237 0
246 0
249 0
252 0
254 0
259 0
263 0
267 0
270 0
272 0
274 0
277 0
298 0
299 0
302 0
310 0
320 0
344 1
354 0
360 0
368 0
374 0
380 0
391 0
406 0
412 0
420 0
431 1
438 0
450 0
460 0
463 0
466 0
477 0
483 0
489 0
502 0
524 0
531 0
549 0
554 0
559 0
566 0
587 1
594 0
603 0
610 0
616 0
618 0
630 0
634 0
643 0
647 0
651 0
657 0
658 0
663 0
668 0
672 0
675 0
678 0
682 0
689 0
690 0
692 0
697 0
701 0
705 0
707 0
709 0
714 0
715 0
721 0
728 0
729 0
733 0
737 0
740 0
743 0
748 0
750 0
755 0
761 0
763 0
767 0
775 1
805 0
806 0
828 0
833 0
836 0
852 0
859 0
865 0
870 0
876 0
881 0
885 0
888 0
898 0
902 0
914 0
919 0
921 0
923 0
927 0
930 0
935 0
943 0
949 0
954 0
961 0
967 0
979 0
983 0
990 0
994 0
998 0
1000 0
1006 0
1009 0
1014 0
1018 0
1020 0
1022 0
1024 0
1029 0
1031 0
1033 0
1043 0
1050 0
1051 0
1053 0
1059 0
1066 0
1072 1
1086 0
1087 0
1089 0
1110 0
1118 0
1121 0
1126 0
1142 0
1160 0
1162 0
1164 0
1165 0
1166 0
1169 0
1173 0
1177 0
1178 0
1179 0
1184 1
1194 0
1215 0
1224 0
1226 0
1240 0
1252 0
1261 1
1269 0
1275 0
1289 0
1292 0
1296 0
1302 0
1313 0
1328 0
1333 1
1346 0
1360 0
1366 0
1382 0
1402 1
1404 0
1413 0
1420 0
1439 0
1455 0
1469 0
1473 0
1484 0
1493 0
1496 0
1507 0
1517 1
1525 0
1536 0
1547 0
1552 0
1565 0
1574 0
1586 1
1595 0
1600 0
1618 0
1629 1
1633 0
1657 0
1663 0
1664 0
1680 0
1684 0
1697 0
1707 0
1712 0
1719 0
1731 0
1733 0
1748 0
1753 0
1757 0
1767 0
1773 0
1779 0
