185 185
16 0
35 0
43 0
45 0
57 0
63 0
72 0
77 1
85 0
92 0
100 0
108 0
115 0
122 0
131 0
139 0
156 0
164 0
174 0
183 0
189 0
193 0
200 0
203 0
215 0
226 0
233 0
249 0
258 0
259 0
288 0
297 0
301 0
307 0
310 0
329 0
333 1
342 0
346 0
358 0
368 0
371 0
378 0
402 0
425 0
435 0
445 0
454 0
461 0
474 1
479 0
486 0
496 0
509 0
514 0
523 0
528 0
534 0
547 1
549 0
562 0
568 0
584 0
591 0
598 0
605 0
615 1
624 0
633 0
644 0
674 0
684 0
688 0
700 0
729 0
753 1
773 0
790 0
792 0
793 0
798 0
803 0
809 0
828 1
831 0
849 0
867 0
873 0
880 0
886 0
895 0
899 0
913 0
918 0
936 0
952 0
964 1
986 0
1005 0
1012 0
1014 0
1016 0
1017 0
1024 0
1039 0
1041 0
1045 0
1057 0
1071 0
1075 0
1084 0
1091 0
1094 0
1098 0
1103 0
1107 0
1114 0
1137 0
1138 0
1142 0
1149 0
1152 0
1161 0
1169 0
1171 0
1173 1
1178 0
1191 0
1202 0
1221 0
1229 0
1234 0
1239 0
1245 0
1252 0
1266 0
1280 0
1284 0
1290 0
1293 0
1298 0
1301 0
1316 0
1323 0
1330 0
1335 0
1340 0
1348 0
1353 0
1357 0
1362 0
1370 0
1373 1
1389 0
1402 0
1409 0
1426 0
1450 1
1477 0
1491 0
1508 0
1514 0
1521 0
1535 0
1544 0
1552 0
1558 0
1568 0
1574 0
1579 0
1597 1
1610 0
1624 0
1636 0
1644 0
1663 0
1692 0
1693 0
1709 0
1712 1
1726 0
1736 0
1749 0
1773 0
1785 0
