254 254
14 0
30 0
38 0
60 0
62 0
76 0
81 1
89 0
93 0
103 0
111 0
119 0
122 0
125 0
127 0
129 0
134 0
139 0
150 0
159 0
165 0
170 0
171 0
180 0
184 0
187 0
194 0
197 0
204 0
209 0
217 0
227 0
234 0
240 0
250 0
256 0
257 0
266 0
269 0
278 0
284 0
287 0
291 0
294 0
300 0
302 0
308 0
310 0
319 0
320 0
326 0
333 0
336 0
343 0
346 0
352 0
356 0
361 0
366 0
369 0
372 0
378 0
383 0
388 0
393 0
407 0
408 0
410 0
413 0
421 0
424 0
431 0
436 0
442 0
445 0
446 0
449 0
458 0
463 0
466 0
471 0
475 0
481 0
485 0
486 0
490 0
493 0
496 0
501 0
503 0
505 0
508 0
513 0
518 0
521 0
530 0
531 0
534 0
538 0
542 0
546 0
548 0
553 0
560 0
561 0
564 0
566 0
572 0
575 0
580 0
583 0
586 0
587 0
590 0
594 0
597 0
602 0
606 0
613 0
621 0
624 0
631 0
632 0
635 0
641 0
645 0
647 0
657 0
658 0
662 0
669 0
673 0
677 0
680 0
681 0
687 0
688 0
691 0
700 0
704 0
709 0
718 0
724 0
729 0
732 0
740 0
754 0
767 1
782 0
812 0
842 0
850 1
858 0
875 0
888 0
891 0
898 0
913 0
916 0
920 0
930 0
932 0
937 0
938 0
941 0
946 0
971 0
975 0
982 0
993 0
1001 0
1006 0
1009 0
1013 0
1023 0
1034 0
1036 0
1039 0
1042 0
1057 0
1059 0
1061 0
1062 0
1065 0
1068 0
1069 0
1070 0
1071 0
1072 0
1075 0
1081 0
1089 0
1095 0
1114 0
1116 0
1121 0
1134 0
1144 0
1146 0
1148 0
1151 0
1161 1
1169 0
1176 0
1185 0
1190 0
1211 0
1219 0
1233 0
1244 0
1265 0
1274 0
1275 0
1286 0
1291 1
1312 0
1319 0
1332 0
1336 0
1339 0
1353 0
1379 0
1383 0
1406 0
1418 0
1419 0
1426 0
1456 0
1459 1
1475 0
1485 0
1494 0
1514 1
1526 0
1551 0
1559 0
1567 0
1573 0
1587 0
1593 0
1599 0
1617 0
1620 1
1638 0
1651 0
1681 0
1687 0
1696 0
1719 0
1737 0
1749 0
1762 0
1772 0
1782 0
