193 193
15 0
24 0
30 0
37 0
46 0
53 0
72 0
85 0
89 1
109 0
124 0
132 0
158 0
161 0
163 0
166 0
171 0
172 0
174 0
179 0
201 0
209 0
216 0
228 0
236 0
266 0
268 0
278 0
299 0
308 0
318 0
337 0
347 0
348 0
357 1
366 0
382 0
402 0
406 0
413 1
421 0
443 0
467 0
478 0
482 0
486 0
497 0
503 0
522 1
524 0
542 0
553 0
561 0
563 0
569 0
571 0
576 0
582 0
612 0
617 0
639 0
661 1
670 0
677 0
684 0
691 0
707 0
709 0
713 0
725 0
729 0
733 0
745 0
751 0
754 0
760 0
764 0
768 0
772 0
777 0
781 0
788 0
791 0
795 0
801 0
810 0
814 0
819 0
823 0
827 0
830 0
835 0
841 0
843 0
851 0
859 0
864 0
872 1
882 0
887 0
894 0
899 0
909 1
920 0
925 0
940 0
954 0
971 0
977 0
991 0
996 0
1005 0
1008 0
1022 0
1033 1
1044 0
1066 0
1074 0
1092 0
1093 0
1110 0
1115 0
1118 0
1133 1
1146 0
1152 0
1158 0
1162 0
1163 0
1165 0
1167 0
1171 0
1188 0
1197 0
1203 0
1215 0
1217 0
1219 0
1224 0
1238 0
1241 1
1261 0
1291 0
1296 0
1302 0
1307 0
1322 1
1325 0
1335 0
1347 0
1358 0
1370 0
1377 0
1380 0
1401 0
1406 0
1417 0
1432 1
1446 0
1456 0
1474 0
1503 0
1505 0
1515 1
1519 0
1530 0
1541 0
1554 0
1584 0
1590 0
1592 0
1600 0
1604 0
1608 0
1618 0
1622 0
1628 0
1647 0
1656 0
1665 0
1675 0
1681 0
1688 0
1702 0
1707 0
1713 0
1720 0
1726 0
1735 0
1748 0
1766 0
1776 0
1778 0
