176 176
0 0
22 0
44 0
58 0
59 0
76 0
84 0
92 0
96 1
97 0
102 0
109 0
117 0
127 0
132 0
142 0
152 0
167 0
184 0
192 0
197 0
201 0
208 0
213 0
221 0
227 0
238 1
252 0
269 0
274 0
280 0
289 0
298 0
308 0
319 0
341 0
365 0
381 0
387 1
394 0
408 0
413 0
418 0
434 0
437 0
452 0
459 0
465 0
484 0
498 0
502 1
510 0
536 0
552 0
564 0
565 0
589 0
619 0
625 1
633 0
647 0
665 0
680 0
683 0
686 0
694 0
700 0
706 0
716 0
720 0
727 0
732 0
737 0
747 0
770 0
782 0
797 0
803 0
807 0
812 0
817 0
822 0
827 0
842 0
846 0
852 1
872 0
880 0
889 0
897 0
920 0
925 0
943 0
955 0
978 1
1001 0
1018 0
1030 0
1059 0
1062 0
1074 1
1078 0
1082 0
1086 0
1090 0
1098 0
1115 0
1120 0
1150 0
1163 0
1166 0
1167 0
1173 0
1176 0
1189 0
1194 0
1201 0
1204 0
1206 0
1208 1
1211 0
1232 0
1244 0
1253 0
1271 0
1291 0
1305 0
1311 0
1325 0
1331 0
1353 0
1357 0
1363 0
1376 1
1388 0
1407 0
1424 0
1431 0
1442 0
1451 0
1463 0
1472 0
1482 1
1497 0
1515 0
1524 0
1528 0
1537 0
1546 0
1553 0
1561 0
1570 0
1574 1
1585 0
1603 0
1611 0
1618 0
1626 0
1635 0
1641 0
1651 0
1657 0
1672 0
1679 0
1685 0
1691 0
1695 0
1707 0
1712 0
1728 0
1742 0
1752 0
1764 0
1778 0
1789 0
1791 0
