193 193
15 0
45 0
50 0
65 0
86 0
89 1
98 0
103 0
110 0
116 0
121 0
123 0
131 0
133 0
138 0
147 0
154 0
158 0
159 0
162 0
173 0
180 0
186 0
195 0
200 0
209 0
215 0
222 0
228 0
232 0
236 0
242 0
245 0
250 0
253 0
256 0
260 0
268 0
277 0
278 0
283 0
288 0
293 0
297 0
302 0
308 0
313 0
322 0
326 0
333 0
334 0
339 0
348 0
354 0
372 0
383 0
392 0
398 0
405 0
414 0
420 0
424 0
432 0
435 0
441 0
443 0
448 0
455 0
459 0
463 0
469 0
473 0
480 0
483 0
490 0
498 0
504 0
509 0
517 0
518 0
525 0
531 0
534 0
538 0
544 1
557 0
564 0
579 0
593 0
596 0
601 0
614 0
627 0
649 0
659 0
661 0
683 1
695 0
700 0
709 0
720 0
732 0
750 0
752 0
758 0
764 0
774 0
781 0
784 0
788 0
795 1
805 0
815 0
817 0
823 0
833 0
863 1
870 0
879 0
909 0
924 0
937 0
941 0
952 0
959 0
976 0
987 0
1002 1
1006 0
1014 0
1043 0
1054 0
1073 0
1082 0
1090 0
1098 1
1126 0
1134 0
1154 0
1166 0
1178 0
1194 0
1208 0
1213 0
1216 0
1219 0
1229 0
1240 0
1251 0
1255 1
1273 0
1283 0
1291 0
1301 0
1305 0
1314 0
1332 0
1338 1
1350 0
1364 0
1373 0
1386 0
1398 0
1420 0
1426 0
1440 0
1455 0
1469 0
1477 1
1490 0
1500 0
1514 0
1523 0
1538 0
1570 1
1580 0
1591 0
1606 0
1616 0
1619 1
1639 0
1648 0
1664 0
1670 0
1692 0
1700 0
1711 0
1720 0
1727 0
1735 0
1756 0
1769 0
1781 0
