179 179
14 0
22 0
25 0
28 0
37 0
44 0
54 0
61 0
68 0
81 1
94 0
99 0
114 0
121 0
126 0
129 0
130 0
148 0
149 0
174 0
197 0
207 0
215 0
228 0
238 0
257 1
269 0
286 0
303 0
304 0
309 0
314 0
318 0
322 0
325 0
332 0
347 0
350 0
351 0
356 0
359 0
360 0
365 0
377 0
387 0
389 0
392 0
393 0
403 0
409 0
411 0
414 0
415 0
421 0
423 0
428 0
437 0
438 0
441 0
444 0
449 0
454 0
456 0
458 0
459 0
472 0
473 0
476 0
479 1
489 0
500 0
509 0
535 0
538 0
541 0
546 0
557 0
568 0
582 1
599 0
604 0
624 0
631 0
633 0
645 0
655 0
675 0
677 0
680 0
686 0
690 0
695 0
713 1
723 0
731 0
734 0
745 0
746 0
752 0
765 0
794 0
809 1
817 0
830 0
841 0
852 0
858 0
865 0
877 0
893 1
913 0
921 0
923 0
949 1
964 0
986 0
1005 0
1006 1
1017 0
1038 0
1045 0
1048 0
1052 0
1058 0
1061 0
1064 0
1074 1
1091 0
1103 0
1113 0
1120 0
1130 0
1137 1
1147 0
1177 0
1182 0
1207 0
1217 0
1225 0
1228 1
1247 0
1265 0
1292 0
1304 0
1305 0
1313 0
1331 0
1336 0
1363 0
1369 1
1386 0
1399 0
1409 0
1416 0
1426 0
1435 1
1448 0
1468 0
1474 0
1480 0
1498 0
1504 0
1524 1
1539 0
1561 0
1569 0
1585 0
1598 0
1605 0
1609 1
1637 0
1645 0
1659 0
1664 0
1688 0
1712 0
1723 0
1753 0
1770 0
