202 202
14 0
17 0
26 0
31 0
39 0
43 0
46 0
56 0
69 0
81 1
83 0
90 0
97 0
98 0
108 0
114 0
134 0
142 0
143 0
158 0
169 0
180 0
181 0
194 0
205 0
212 0
219 0
232 1
237 0
241 0
248 0
255 0
267 0
274 0
276 0
282 0
289 0
300 0
302 0
313 0
318 0
321 0
334 0
347 0
353 0
361 1
375 0
376 0
389 0
394 0
404 0
422 0
430 0
440 0
442 0
453 0
457 0
462 0
475 0
489 0
508 0
526 0
537 0
541 1
546 0
552 0
557 0
569 0
599 1
606 0
611 0
622 0
628 0
634 0
647 0
655 0
658 1
665 0
672 0
678 0
685 0
689 0
694 0
699 0
705 0
707 0
716 1
724 0
736 0
739 0
750 0
767 1
778 0
790 0
796 0
800 0
812 0
824 0
828 0
834 0
843 0
847 0
853 0
870 0
876 0
889 0
893 0
897 0
899 0
900 0
914 1
917 0
932 0
946 0
973 0
982 0
992 0
1012 0
1022 0
1031 0
1036 0
1045 0
1049 0
1050 0
1059 0
1068 0
1077 0
1093 0
1107 1
1115 0
1130 0
1140 0
1144 0
1149 0
1163 0
1175 0
1179 0
1181 0
1184 0
1189 0
1193 0
1198 0
1202 0
1206 0
1212 0
1219 0
1228 0
1230 0
1243 1
1249 0
1272 0
1290 0
1299 0
1308 0
1338 0
1343 0
1354 0
1369 0
1380 0
1394 0
1398 0
1404 0
1422 0
1427 0
1438 0
1442 0
1447 0
1448 0
1451 0
1454 0
1456 0
1461 0
1464 0
1468 0
1472 1
1478 0
1483 0
1489 0
1513 0
1516 1
1535 0
1538 0
1566 0
1593 0
1598 0
1611 0
1626 1
1634 0
1640 0
1648 0
1650 0
1667 0
1682 0
1692 0
1705 0
1714 0
1730 0
1744 0
1749 0
1761 0
1769 0
1774 0
