211 211
15 0
23 0
25 0
45 0
55 0
62 0
77 0
83 0
88 0
91 1
101 0
106 0
115 0
118 0
129 0
138 0
150 0
159 0
165 0
169 0
170 0
173 0
175 0
201 0
204 0
209 0
220 0
229 0
242 0
248 0
249 0
252 0
253 0
258 0
262 0
264 0
270 0
275 0
278 0
286 0
292 0
297 0
300 0
305 0
318 1
328 0
339 0
344 0
351 0
357 0
362 0
378 1
385 0
395 0
400 0
412 0
422 0
437 0
445 0
458 0
469 0
486 0
495 1
507 0
525 0
538 0
555 0
570 0
578 0
586 0
593 0
607 1
615 0
625 0
632 0
638 0
643 0
653 0
670 0
672 0
675 0
677 0
683 0
691 0
704 0
709 0
710 0
715 0
719 0
721 0
725 0
736 0
744 0
749 0
752 0
758 0
770 0
777 0
793 0
798 0
801 0
819 1
826 0
834 0
839 0
846 0
852 0
875 0
889 0
896 0
918 0
931 0
944 0
950 1
957 0
963 0
970 0
979 0
980 0
985 0
989 0
992 0
996 0
998 0
999 0
1009 0
1015 0
1022 0
1028 0
1035 0
1040 0
1053 0
1062 0
1071 0
1074 0
1077 0
1078 0
1084 0
1105 0
1108 0
1113 0
1117 0
1118 0
1120 0
1125 0
1128 0
1130 0
1135 1
1145 0
1151 0
1155 0
1160 0
1167 0
1180 0
1192 0
1201 0
1223 0
1239 0
1241 0
1243 0
1247 1
1260 0
1266 0
1282 0
1312 0
1315 0
1338 0
1349 0
1352 1
1369 0
1389 0
1392 0
1403 0
1407 0
1426 0
1439 1
1463 0
1469 0
1474 0
1480 0
1501 0
1509 0
1521 0
1527 0
1538 0
1543 0
1550 1
1560 0
1570 0
1572 0
1584 0
1593 0
1602 0
1614 0
1628 0
1637 0
1643 0
1652 0
1658 0
1668 0
1681 0
1689 0
1696 0
1718 0
1737 0
1757 0
1767 0
1769 0
1774 0
1780 0
1786 0
