218 218
14 0
44 0
51 0
60 0
75 0
100 0
103 1
114 0
124 0
131 0
140 0
148 0
159 0
165 0
168 0
171 0
176 0
181 0
186 0
196 0
200 0
204 0
208 0
217 0
222 0
229 0
236 0
240 0
253 0
254 0
256 0
262 0
265 0
267 0
269 0
273 0
279 0
281 0
283 0
285 0
288 0
291 0
292 0
293 0
298 0
311 0
317 0
320 0
322 0
324 0
326 0
328 0
333 1
334 0
341 0
347 0
368 0
372 0
375 0
382 0
396 0
411 0
419 0
428 1
439 0
446 0
455 0
463 0
470 0
489 0
493 0
502 0
516 0
518 0
535 0
547 0
553 0
570 0
573 0
575 0
577 0
582 0
584 0
594 0
604 0
608 0
611 0
615 0
622 0
628 0
634 0
643 1
658 0
683 0
696 0
701 0
717 0
719 0
731 0
740 0
750 0
767 0
780 0
783 0
795 0
812 0
813 0
817 0
822 1
837 0
857 0
865 0
873 0
874 0
904 0
909 0
934 0
944 0
953 0
958 0
961 0
968 0
990 0
1005 1
1017 0
1029 0
1044 0
1052 0
1054 0
1072 0
1076 0
1079 0
1083 0
1088 0
1092 0
1097 0
1100 0
1103 0
1108 0
1110 0
1112 0
1113 0
1115 0
1123 0
1128 0
1141 0
1148 0
1150 0
1153 0
1157 1
1163 0
1179 0
1185 0
1190 0
1194 0
1207 1
1222 0
1239 0
1243 0
1251 0
1264 0
1278 0
1286 0
1292 0
1293 0
1296 0
1303 0
1306 0
1320 1
1325 0
1333 0
1339 0
1355 0
1357 0
1362 0
1371 0
1381 0
1387 0
1406 0
1417 0
1424 0
1427 1
1434 0
1443 0
1458 0
1468 0
1484 1
1496 0
1505 0
1510 0
1517 0
1519 0
1525 0
1536 0
1541 1
1560 0
1571 0
1577 0
1593 0
1602 1
1611 0
1626 0
1631 0
1648 0
1658 0
1667 0
1672 0
1679 0
1683 0
1695 0
1716 0
1730 0
1740 0
1749 0
1760 0
1767 0
1779 0
1782 0
