175 175
15 0
37 0
40 0
43 0
46 0
56 0
64 0
79 0
89 1
112 0
116 0
123 0
132 0
150 0
154 0
184 0
189 0
193 0
197 0
208 0
232 0
238 0
248 0
254 0
265 0
270 0
290 0
297 0
306 0
312 0
316 0
326 1
333 0
363 0
371 0
384 0
387 1
393 0
404 0
413 0
422 0
436 0
446 0
459 0
479 0
485 1
493 0
501 0
516 0
517 0
530 1
553 0
566 0
569 0
576 0
580 0
589 0
601 0
614 0
616 0
621 0
628 0
633 0
645 0
664 1
669 0
680 0
689 0
695 0
696 0
701 0
714 0
718 0
720 0
721 0
725 0
736 0
742 0
759 0
764 0
765 0
771 0
775 0
777 0
780 0
783 0
794 1
812 0
824 0
834 0
841 0
847 0
865 0
877 0
892 1
902 0
920 0
933 0
948 1
978 0
987 0
1015 0
1029 0
1046 0
1056 0
1065 0
1089 0
1100 1
1114 0
1126 0
1140 0
1145 0
1155 0
1162 0
1166 0
1168 0
1185 1
1205 0
1217 0
1225 0
1235 0
1242 0
1245 0
1247 0
1273 0
1278 0
1293 0
1298 0
1302 1
1317 0
1335 0
1347 0
1358 0
1373 0
1386 0
1400 0
1416 0
1424 0
1435 0
1445 0
1450 0
1460 1
1474 0
1478 0
1484 0
1490 1
1502 0
1507 0
1510 0
1513 0
1531 0
1544 0
1559 0
1563 1
1575 0
1585 0
1598 0
1615 0
1626 0
1637 0
1647 0
1655 0
1661 0
1666 0
1683 0
1709 0
1714 0
1716 0
1722 0
1727 0
1746 0
1757 0
1769 0
1778 0
1779 0
