226 226
15 0
45 0
55 0
66 1
72 0
77 0
82 0
112 0
116 0
125 0
132 0
133 0
144 0
152 0
158 0
161 0
162 0
168 0
175 0
180 0
183 0
187 0
194 0
199 0
203 0
207 0
215 0
227 0
229 0
235 0
242 0
252 0
263 0
271 0
272 0
279 0
286 0
295 0
298 0
303 0
308 0
314 0
325 0
329 0
333 0
341 0
350 0
351 0
357 0
365 0
369 0
374 0
378 0
383 0
387 0
394 0
400 0
408 0
423 0
429 0
435 0
438 0
443 0
455 0
468 0
474 0
477 0
487 0
494 0
501 0
504 0
513 0
519 0
522 0
526 0
531 0
536 0
538 0
541 0
549 0
552 0
557 0
563 0
567 0
575 0
580 0
582 0
586 0
595 0
599 0
602 0
608 0
615 0
619 0
629 0
635 0
645 0
648 0
653 0
656 0
660 0
664 0
672 0
678 0
684 0
690 0
692 0
695 0
700 0
706 0
710 0
714 0
717 0
721 0
726 0
730 0
732 0
735 0
743 0
746 0
751 0
767 0
774 0
779 0
787 0
794 0
804 0
823 1
831 0
841 0
846 0
852 0
857 0
865 0
876 0
884 0
889 0
908 1
915 0
920 0
929 0
936 0
954 0
963 0
967 1
975 0
983 0
1004 0
1018 0
1030 0
1041 0
1048 0
1054 0
1063 0
1075 1
1082 0
1087 0
1089 0
1092 0
1106 0
1111 0
1112 0
1114 0
1129 0
1137 0
1141 0
1144 0
1150 0
1154 0
1174 0
1176 0
1177 0
1179 0
1184 0
1188 0
1194 0
1202 0
1210 0
1254 1
1260 0
1285 0
1287 0
1297 0
1315 1
1328 0
1344 0
1353 0
1373 0
1377 1
1388 0
1394 0
1405 0
1415 0
1436 0
1447 0
1465 0
1468 0
1477 0
1485 0
1498 0
1504 0
1512 0
1528 0
1537 0
1551 1
1571 0
1587 0
1594 0
1600 0
1607 0
1611 0
1617 0
1647 0
1657 0
1670 0
1679 0
1686 1
1690 0
1705 0
1720 0
1726 0
1748 0
1759 0
1768 0
1780 0
1788 0
