220 220
15 0
25 0
38 0
43 0
56 0
68 0
79 0
81 1
87 0
93 0
95 0
97 0
101 0
102 0
108 0
132 0
139 0
148 0
152 0
155 0
162 0
163 0
170 0
174 0
176 0
180 0
204 1
211 0
223 0
230 0
240 0
246 0
258 0
262 0
271 0
278 0
288 0
295 0
300 0
310 0
314 0
330 0
336 0
344 0
357 0
368 0
381 0
392 0
394 0
412 0
422 0
429 0
437 0
448 0
454 1
461 0
465 0
487 0
503 0
522 1
524 0
533 0
539 0
550 1
557 0
579 0
589 0
593 0
595 0
601 0
606 0
607 0
610 0
624 0
626 0
627 0
629 0
631 0
633 0
634 0
635 0
637 0
638 0
641 0
643 0
648 0
652 0
662 0
667 0
672 0
685 0
688 0
691 0
699 0
705 0
707 0
719 0
722 0
728 0
736 0
740 0
747 0
756 0
757 0
764 0
772 0
784 1
797 0
799 0
819 0
841 1
849 0
862 0
864 0
885 0
891 0
895 0
910 0
911 0
913 0
915 0
931 0
945 0
961 0
966 1
973 0
978 0
991 0
999 0
1013 0
1019 0
1022 0
1023 0
1025 0
1029 0
1035 0
1038 0
1042 0
1043 0
1044 0
1046 0
1052 0
1063 0
1066 0
1073 0
1080 0
1082 0
1084 0
1086 0
1090 0
1092 0
1098 0
1110 0
1112 0
1117 0
1127 0
1147 0
1150 0
1152 0
1155 0
1164 0
1173 1
1182 0
1201 0
1207 0
1225 0
1230 0
1249 1
1262 0
1282 0
1293 0
1301 0
1316 0
1344 0
1348 1
1369 0
1385 0
1400 0
1417 0
1433 0
1436 0
1439 0
1445 0
1451 0
1456 0
1463 0
1469 1
1477 0
1487 0
1513 0
1517 1
1543 0
1546 0
1551 0
1564 0
1573 0
1576 1
1597 0
1609 0
1615 0
1618 0
1624 0
1631 0
1643 0
1662 0
1676 0
1688 0
1691 0
1701 0
1710 0
1714 0
1721 0
1728 0
1734 0
1740 0
1750 0
1757 0
1765 0
1768 0
1775 0
