222 222
14 0
41 0
48 0
55 0
66 0
85 1
95 0
100 0
109 0
122 0
127 0
129 0
131 0
133 0
136 0
138 0
154 0
159 0
162 0
168 0
172 0
176 0
180 0
182 0
189 0
193 0
200 0
207 0
213 0
218 0
230 0
237 0
250 0
259 0
273 0
284 0
291 0
293 0
295 0
299 0
303 0
310 1
312 0
325 0
336 0
347 0
355 0
363 0
367 0
374 0
380 0
388 0
396 0
402 0
405 0
413 0
417 0
423 0
426 0
433 0
445 0
455 0
468 0
480 1
490 0
495 0
510 0
533 0
549 0
557 0
575 0
582 1
588 0
601 0
606 0
609 0
627 0
634 0
651 0
659 0
665 0
671 0
681 0
693 0
702 0
709 0
714 0
720 0
724 0
732 0
743 0
753 0
758 1
763 0
777 0
790 0
793 0
794 0
796 0
799 0
805 0
818 0
833 0
862 0
863 0
873 0
874 0
878 0
879 0
882 0
883 0
888 0
893 0
901 0
931 0
936 1
942 0
955 0
970 0
979 0
986 0
988 0
994 0
999 0
1010 0
1017 0
1022 0
1027 0
1031 0
1044 0
1055 0
1057 0
1064 0
1067 0
1074 0
1086 1
1091 0
1099 0
1104 0
1106 0
1113 0
1120 0
1122 0
1144 0
1147 0
1149 0
1153 0
1159 0
1161 0
1163 0
1169 0
1173 0
1175 0
1176 0
1177 0
1179 0
1181 0
1183 0
1194 0
1196 0
1206 0
1210 0
1217 0
1224 0
1227 0
1228 0
1231 0
1251 0
1255 0
1259 0
1263 1
1274 0
1280 0
1287 0
1299 0
1302 0
1307 0
1313 0
1325 0
1344 0
1350 0
1358 0
1385 0
1393 0
1396 1
1405 0
1417 0
1427 0
1433 0
1437 0
1457 0
1468 0
1471 0
1497 0
1500 0
1510 1
1521 0
1541 0
1546 0
1554 0
1559 0
1583 0
1591 1
1604 0
1607 0
1611 0
1617 0
1620 0
1627 1
1633 0
1657 0
1661 0
1665 1
1671 0
1681 0
1698 0
1716 0
1721 0
1729 0
1739 0
1752 0
1764 0
