184 184
15 0
23 0
30 0
43 0
47 0
60 0
71 0
74 0
78 0
87 0
91 1
112 0
116 0
129 0
135 0
152 0
166 0
173 0
182 0
190 0
196 0
202 0
206 0
210 0
217 0
222 0
232 0
239 0
246 0
257 0
262 0
276 0
277 0
279 0
301 0
302 1
308 0
309 0
321 0
327 0
330 0
340 0
351 0
356 0
364 0
372 0
380 0
392 0
395 0
403 0
409 0
415 0
423 0
427 0
436 0
449 0
455 1
473 0
476 0
506 0
530 0
551 1
562 0
574 0
585 0
606 0
633 0
646 0
655 0
661 0
667 0
675 0
687 0
697 0
705 0
722 1
737 0
756 0
769 0
777 0
783 1
797 0
808 0
817 0
821 0
826 0
837 0
841 0
851 0
854 0
864 0
874 0
885 0
896 0
917 0
934 0
942 0
950 0
951 0
955 0
969 0
980 0
983 0
987 0
994 0
1005 0
1020 1
1024 0
1036 0
1039 0
1042 0
1057 0
1058 0
1059 0
1062 0
1064 0
1071 0
1082 0
1095 0
1110 0
1117 0
1125 1
1133 0
1142 0
1149 0
1153 0
1160 0
1178 0
1179 0
1182 0
1191 0
1196 0
1202 0
1203 0
1205 0
1209 0
1221 0
1230 1
1255 0
1275 0
1285 0
1292 1
1299 0
1322 0
1327 0
1329 1
1339 0
1346 0
1353 0
1364 0
1382 0
1396 0
1409 0
1430 1
1451 0
1468 0
1474 0
1483 0
1497 1
1503 0
1512 0
1522 0
1540 0
1550 0
1563 0
1578 0
1585 1
1596 0
1625 0
1634 0
1642 0
1654 0
1664 1
1683 0
1696 0
1699 0
1718 0
1724 0
1731 0
1747 0
1756 0
1760 0
1769 0
1772 0
