209 209
0 0
15 0
39 0
42 0
47 0
58 0
61 0
70 0
80 0
86 0
97 1
98 0
106 0
119 0
133 0
148 1
175 0
193 0
205 0
215 0
224 0
241 0
244 0
258 1
259 0
271 0
282 0
288 0
308 0
320 0
339 0
346 0
355 0
367 1
382 0
390 0
404 0
414 0
417 0
420 0
424 0
430 0
440 0
447 0
452 0
462 0
465 0
487 0
492 0
502 1
513 0
521 0
545 0
549 0
565 0
569 0
582 0
585 0
596 0
599 0
602 0
605 0
610 0
611 0
615 0
617 0
618 0
629 0
633 0
634 0
644 0
646 0
651 0
654 0
656 0
668 0
677 0
680 0
682 0
691 0
698 0
716 0
730 0
731 0
734 0
735 0
737 0
740 0
743 0
746 1
748 0
753 0
760 0
768 0
779 0
788 0
806 0
820 0
835 0
840 0
858 0
861 0
867 0
876 0
883 1
887 0
899 0
900 0
903 0
911 0
917 0
926 0
930 0
934 0
937 0
948 0
949 0
975 0
981 0
984 0
987 0
999 0
1002 0
1003 0
1009 0
1010 0
1014 0
1015 0
1017 0
1025 0
1034 0
1039 0
1049 0
1058 0
1064 0
1069 0
1070 0
1074 0
1076 0
1078 0
1085 1
1102 0
1111 0
1116 0
1123 0
1129 0
1133 0
1145 1
1155 0
1165 0
1175 0
1190 0
1197 0
1199 0
1203 0
1206 0
1210 0
1215 0
1245 1
1258 0
1261 0
1270 0
1273 0
1283 0
1285 0
1297 1
1300 0
1310 0
1320 0
1327 0
1330 0
1343 0
1349 0
1356 0
1358 0
1362 0
1381 0
1397 1
1417 0
1447 0
1477 0
1480 0
1483 1
1506 0
1518 0
1525 0
1534 0
1544 0
1572 1
1587 0
1591 0
1597 0
1603 0
1629 0
1641 0
1646 0
1654 0
1659 0
1664 0
1672 0
1675 1
1690 0
1704 0
1727 0
1733 0
1739 0
1764 0
1769 0
1771 0
