212 212
15 0
23 0
46 0
51 0
60 0
76 0
89 0
97 1
104 0
120 0
127 0
132 0
148 0
155 0
158 0
166 0
172 0
179 0
189 0
193 0
199 0
210 0
220 0
233 0
252 0
262 0
268 0
269 0
278 0
283 0
290 0
295 0
298 0
304 0
308 0
310 0
319 0
325 0
345 0
352 0
366 0
370 0
377 0
383 0
384 0
396 0
403 0
416 0
423 0
431 0
441 0
453 0
455 0
470 0
474 0
485 0
495 0
504 0
514 0
520 0
523 0
540 0
551 0
555 0
557 0
564 0
571 0
576 0
583 0
592 0
598 0
603 0
612 0
620 0
628 0
630 0
637 0
639 0
647 0
656 0
660 0
665 0
668 0
690 0
706 0
708 0
713 0
721 0
732 0
741 0
743 0
750 0
756 0
772 0
778 0
789 0
790 0
796 0
801 0
809 0
818 0
824 0
831 0
837 0
840 0
848 0
850 0
855 0
864 0
871 0
884 0
890 0
900 0
911 1
920 0
933 0
941 0
946 0
960 0
976 0
987 0
994 0
1011 1
1020 0
1033 0
1039 0
1046 0
1054 0
1059 0
1083 0
1090 0
1095 0
1103 0
1111 0
1119 0
1126 0
1133 0
1142 0
1154 0
1162 1
1179 0
1193 0
1200 0
1213 0
1221 0
1226 0
1237 0
1241 0
1250 0
1254 0
1263 0
1269 0
1274 0
1281 0
1294 0
1297 0
1301 0
1306 0
1311 0
1319 0
1325 0
1329 0
1335 1
1344 0
1355 0
1366 0
1385 0
1396 0
1408 1
1418 0
1430 0
1441 0
1451 1
1462 0
1464 0
1476 0
1484 0
1491 0
1496 0
1502 0
1516 0
1518 0
1543 1
1549 0
1553 0
1574 0
1575 0
1586 1
1595 0
1606 0
1612 0
1616 1
1632 0
1640 0
1643 0
1650 0
1662 1
1673 0
1687 0
1696 0
1699 1
1712 0
1715 0
1721 0
1728 0
1734 0
1738 0
1760 0
1770 0
1772 0
1779 0
1787 0
