185 185
14 0
16 0
31 0
44 0
57 0
67 0
71 0
78 0
89 1
103 0
114 0
162 0
170 0
179 0
203 0
212 0
216 0
225 0
230 0
235 0
243 0
254 0
259 0
275 0
289 0
298 0
299 0
306 0
318 0
325 0
330 0
338 0
362 0
367 0
374 0
389 0
396 0
402 0
409 0
419 0
420 0
426 0
435 0
439 0
451 0
457 0
458 0
463 0
470 0
479 0
485 0
493 0
518 0
523 0
530 0
540 0
544 0
558 0
571 0
593 0
616 0
629 0
636 0
641 0
646 0
653 0
657 0
664 1
667 0
680 0
687 0
692 0
695 0
700 0
707 0
717 0
726 1
727 0
735 0
752 0
764 0
774 0
785 1
793 0
801 0
813 0
819 0
848 0
851 0
867 0
873 0
883 0
894 0
898 0
903 0
932 0
936 0
938 0
945 0
947 0
961 1
968 0
971 0
981 0
1010 0
1012 0
1022 0
1039 0
1048 0
1057 0
1061 0
1072 1
1084 0
1105 0
1115 0
1119 0
1149 0
1162 0
1168 0
1181 0
1189 0
1199 0
1213 0
1228 0
1229 1
1238 0
1247 0
1264 0
1267 0
1273 0
1301 1
1313 0
1333 0
1343 0
1361 0
1363 0
1365 0
1368 0
1372 0
1375 0
1403 0
1413 0
1414 1
1422 0
1444 0
1452 0
1460 0
1465 0
1470 0
1478 0
1482 0
1498 1
1508 0
1525 0
1528 0
1542 0
1547 0
1553 0
1557 0
1564 0
1571 0
1575 0
1584 0
1596 0
1601 0
1609 0
1621 0
1635 0
1641 1
1652 0
1667 0
1677 0
1690 0
1694 1
1702 0
1707 0
1715 0
1722 0
1745 0
1754 0
1762 0
1766 0
1777 0
1784 0
1786 0
